!cascade efficiency factors to the ground state of hd: a(nu0,J0,J)
!      nu0        J0           J = 0,1,2,3,4,5,6,8,9,10
         1         0
   0.00000   0.98813   0.01187   0.00000   0.00000   0.00000   0.00000   0.00000   0.00000   0.00000   0.00000
         1         1
   0.50542   0.00683   0.48193   0.00582   0.00000   0.00000   0.00000   0.00000   0.00000   0.00000   0.00000
         1         2
   0.00868   0.68212   0.00909   0.29625   0.00386   0.00000   0.00000   0.00000   0.00000   0.00000   0.00000
         1         3
   0.00031   0.02783   0.77772   0.01348   0.17807   0.00258   0.00000   0.00000   0.00000   0.00000   0.00000
         1         4
   0.00002   0.00205   0.06066   0.81772   0.01552   0.10233   0.00170   0.00000   0.00000   0.00000   0.00000
         1         5
   0.00000   0.00025   0.00732   0.10166   0.82001   0.01433   0.05534   0.00109   0.00000   0.00000   0.00000
         1         6
   0.00000   0.00004   0.00125   0.01738   0.14244   0.79907   0.01109   0.02804   0.00069   0.00000   0.00000
         1         7
   0.00000   0.00001   0.00028   0.00386   0.03168   0.17934   0.76388   0.00758   0.01295   0.00043   0.00000
         1         8
   0.00000   0.00000   0.00008   0.00104   0.00856   0.04847   0.20742   0.72433   0.00461   0.00521   0.00026
         1         9
   0.00000   0.00000   0.00002   0.00033   0.00270   0.01527   0.06537   0.22859   0.68353   0.00258   0.00161
         1        10
   0.00000   0.00000   0.00001   0.00012   0.00096   0.00543   0.02326   0.08133   0.24296   0.64456   0.00137
         2         0
   0.30069   0.40525   0.28838   0.00566   0.00003   0.00000   0.00000   0.00000   0.00000   0.00000   0.00000
         2         1
   0.17862   0.50603   0.22670   0.08687   0.00178   0.00001   0.00000   0.00000   0.00000   0.00000   0.00000
         2         2
   0.21897   0.23825   0.34929   0.16015   0.03262   0.00072   0.00000   0.00000   0.00000   0.00000   0.00000
         2         3
   0.00847   0.35223   0.26761   0.24523   0.11438   0.01178   0.00029   0.00000   0.00000   0.00000   0.00000
         2         4
   0.00043   0.02722   0.44704   0.28251   0.15811   0.08070   0.00387   0.00011   0.00000   0.00000   0.00000
         2         5
   0.00004   0.00261   0.05961   0.50253   0.28344   0.09471   0.05584   0.00117   0.00004   0.00000   0.00000
         2         6
   0.00000   0.00035   0.00896   0.10051   0.52455   0.27436   0.05283   0.03808   0.00033   0.00001   0.00000
         2         7
   0.00000   0.00006   0.00168   0.02092   0.14154   0.52238   0.25987   0.02778   0.02566   0.00010   0.00000
         2         8
   0.00000   0.00001   0.00039   0.00506   0.03766   0.17767   0.50509   0.24311   0.01379   0.01719   0.00004
         2         9
   0.00000   0.00000   0.00011   0.00142   0.01106   0.05710   0.20486   0.48024   0.22730   0.00659   0.01133
         2        10
   0.00000   0.00000   0.00003   0.00046   0.00365   0.01967   0.07695   0.22583   0.45512   0.21504   0.00324
         3         0
   0.31352   0.32714   0.32114   0.03735   0.00084   0.00001   0.00000   0.00000   0.00000   0.00000   0.00000
         3         1
   0.15907   0.52005   0.20309   0.11003   0.00760   0.00017   0.00000   0.00000   0.00000   0.00000   0.00000
         3         2
   0.19438   0.26521   0.37865   0.11198   0.04765   0.00208   0.00004   0.00000   0.00000   0.00000   0.00000
         3         3
   0.08035   0.30363   0.24546   0.28275   0.06696   0.02022   0.00061   0.00001   0.00000   0.00000   0.00000
         3         4
   0.00490   0.15290   0.37504   0.21850   0.19898   0.04143   0.00804   0.00020   0.00000   0.00000   0.00000
         3         5
   0.00033   0.01669   0.22275   0.41400   0.18316   0.13334   0.02669   0.00296   0.00007   0.00000   0.00000
         3         6
   0.00003   0.00195   0.03879   0.28083   0.42467   0.14925   0.08554   0.01793   0.00098   0.00003   0.00000
         3         7
   0.00000   0.00029   0.00682   0.06917   0.32097   0.41451   0.12186   0.05364   0.01244   0.00028   0.00001
         3         8
   0.00000   0.00005   0.00140   0.01643   0.10248   0.34411   0.39224   0.10140   0.03295   0.00888   0.00007
         3         9
   0.00000   0.00001   0.00034   0.00430   0.03050   0.13415   0.35216   0.36469   0.08745   0.02002   0.00638
         3        10
   0.00000   0.00000   0.00010   0.00129   0.00973   0.04814   0.16214   0.35466   0.34019   0.07683   0.00694
         4         0
   0.25095   0.40008   0.27775   0.06817   0.00300   0.00006   0.00000   0.00000   0.00000   0.00000   0.00000
         4         1
   0.21629   0.40000   0.28365   0.08385   0.01567   0.00053   0.00001   0.00000   0.00000   0.00000   0.00000
         4         2
   0.15787   0.34428   0.31837   0.12916   0.04621   0.00401   0.00011   0.00000   0.00000   0.00000   0.00000
         4         3
   0.11430   0.25709   0.30199   0.23724   0.06699   0.02128   0.00108   0.00003   0.00000   0.00000   0.00000
         4         4
   0.02680   0.20557   0.30149   0.25207   0.17001   0.03422   0.00954   0.00029   0.00001   0.00000   0.00000
         4         5
   0.00215   0.06094   0.28266   0.32037   0.19427   0.11776   0.01761   0.00415   0.00009   0.00000   0.00000
         4         6
   0.00018   0.00838   0.10774   0.35115   0.32582   0.14092   0.05492   0.00955   0.00132   0.00002   0.00000
         4         7
   0.00002   0.00111   0.02083   0.15014   0.36930   0.29852   0.10082   0.05310   0.00546   0.00069   0.00001
         4         8
   0.00000   0.00018   0.00409   0.04033   0.19056   0.37920   0.27401   0.07275   0.03526   0.00336   0.00027
         4         9
   0.00000   0.00004   0.00091   0.01047   0.06441   0.22284   0.37376   0.24868   0.05333   0.02343   0.00213
         4        10
   0.00000   0.00001   0.00024   0.00299   0.02096   0.09153   0.24894   0.36606   0.22721   0.03518   0.00687
         5         0
   0.20884   0.44837   0.25142   0.08464   0.00656   0.00018   0.00000   0.00000   0.00000   0.00000   0.00000
         5         1
   0.21990   0.36217   0.30143   0.09514   0.02036   0.00097   0.00002   0.00000   0.00000   0.00000   0.00000
         5         2
   0.14677   0.38021   0.27750   0.14830   0.04110   0.00591   0.00020   0.00000   0.00000   0.00000   0.00000
         5         3
   0.12480   0.24970   0.33455   0.19265   0.07778   0.01880   0.00167   0.00005   0.00000   0.00000   0.00000
         5         4
   0.04977   0.22102   0.27331   0.27533   0.13266   0.03872   0.00873   0.00045   0.00001   0.00000   0.00000
         5         5
   0.00855   0.10346   0.29263   0.27407   0.20932   0.08923   0.01853   0.00410   0.00011   0.00000   0.00000
         5         6
   0.00081   0.02336   0.16139   0.33879   0.25445   0.15046   0.05947   0.00932   0.00192   0.00003   0.00000
         5         7
   0.00008   0.00355   0.04801   0.21812   0.36118   0.22593   0.09770   0.03986   0.00466   0.00089   0.00001
         5         8
   0.00001   0.00053   0.01009   0.07757   0.25552   0.35766   0.19681   0.07187   0.02694   0.00258   0.00041
         5         9
   0.00000   0.00009   0.00216   0.02168   0.10964   0.28216   0.34339   0.17147   0.04959   0.01843   0.00138
         5        10
   0.00000   0.00002   0.00053   0.00616   0.03871   0.14337   0.30237   0.32892   0.14848   0.02602   0.00540
         6         0
   0.19942   0.44435   0.25386   0.09142   0.01056   0.00037   0.00001   0.00000   0.00000   0.00000   0.00000
         6         1
   0.21421   0.35412   0.30922   0.09700   0.02382   0.00159   0.00004   0.00000   0.00000   0.00000   0.00000
         6         2
   0.15284   0.37397   0.27290   0.15377   0.03895   0.00725   0.00032   0.00001   0.00000   0.00000   0.00000
         6         3
   0.12503   0.26889   0.32845   0.17663   0.08195   0.01678   0.00220   0.00007   0.00000   0.00000   0.00000
         6         4
   0.06817   0.22240   0.27942   0.26646   0.11404   0.04138   0.00747   0.00063   0.00002   0.00000   0.00000
         6         5
   0.01790   0.13589   0.28459   0.26591   0.20081   0.07173   0.01953   0.00348   0.00016   0.00000   0.00000
         6         6
   0.00264   0.04353   0.20208   0.32108   0.23274   0.14084   0.04513   0.01024   0.00167   0.00004   0.00000
         6         7
   0.00028   0.00869   0.07934   0.26064   0.33288   0.19362   0.08942   0.02906   0.00522   0.00083   0.00001
         6         8
   0.00003   0.00140   0.02072   0.11888   0.29496   0.32066   0.15656   0.06431   0.01909   0.00298   0.00041
         6         9
   0.00000   0.00023   0.00458   0.03842   0.15524   0.31381   0.30066   0.12997   0.04259   0.01288   0.00159
         6        10
   0.00000   0.00005   0.00109   0.01138   0.06237   0.19211   0.32646   0.28036   0.10225   0.01984   0.00408
         7         0
   0.20497   0.41671   0.27049   0.09267   0.01450   0.00064   0.00001   0.00000   0.00000   0.00000   0.00000
         7         1
   0.20308   0.36755   0.29795   0.10371   0.02538   0.00225   0.00007   0.00000   0.00000   0.00000   0.00000
         7         2
   0.16277   0.35639   0.28454   0.14831   0.03962   0.00790   0.00045   0.00001   0.00000   0.00000   0.00000
         7         3
   0.12279   0.28956   0.31523   0.17528   0.07865   0.01588   0.00251   0.00010   0.00000   0.00000   0.00000
         7         4
   0.08029   0.22178   0.29190   0.25121   0.10773   0.03975   0.00654   0.00078   0.00002   0.00000   0.00000
         7         5
   0.02823   0.15653   0.27388   0.26822   0.18818   0.06376   0.01811   0.00287   0.00021   0.00000   0.00000
         7         6
   0.00566   0.06429   0.22447   0.29926   0.22459   0.13328   0.03723   0.00982   0.00132   0.00007   0.00000
         7         7
   0.00077   0.01622   0.10908   0.28009   0.30140   0.17801   0.08593   0.02279   0.00503   0.00065   0.00002
         7         8
   0.00009   0.00305   0.03439   0.15523   0.30925   0.28212   0.13513   0.06327   0.01422   0.00292   0.00033
         7         9
   0.00001   0.00052   0.00847   0.05834   0.19304   0.32025   0.25755   0.10736   0.04372   0.00916   0.00157
         7        10
   0.00000   0.00010   0.00204   0.01870   0.08835   0.23044   0.32694   0.23358   0.07555   0.02117   0.00311
         8         0
   0.20955   0.39293   0.28424   0.09445   0.01784   0.00097   0.00002   0.00000   0.00000   0.00000   0.00000
         8         1
   0.19158   0.38160   0.28663   0.11097   0.02620   0.00290   0.00011   0.00000   0.00000   0.00000   0.00000
         8         2
   0.16965   0.34136   0.29637   0.14233   0.04156   0.00811   0.00060   0.00002   0.00000   0.00000   0.00000
         8         3
   0.12332   0.30509   0.30026   0.17877   0.07383   0.01597   0.00264   0.00013   0.00000   0.00000   0.00000
         8         4
   0.08828   0.22602   0.30262   0.23229   0.10689   0.03688   0.00614   0.00086   0.00003   0.00000   0.00000
         8         5
   0.03840   0.17041   0.26938   0.27137   0.17012   0.06079   0.01675   0.00252   0.00025   0.00001   0.00000
         8         6
   0.00973   0.08393   0.23745   0.28561   0.22180   0.11816   0.03334   0.00881   0.00107   0.00009   0.00000
         8         7
   0.00973   0.08392   0.23744   0.28561   0.22181   0.11817   0.03334   0.00882   0.00107   0.00009   0.00000
         8         8
   0.00029   0.00610   0.05091   0.18586   0.31156   0.25251   0.12385   0.05469   0.01163   0.00236   0.00025
         8         9
   0.00003   0.00103   0.01380   0.07968   0.22303   0.31592   0.22438   0.09621   0.03772   0.00710   0.00109
         8        10
   0.00000   0.00019   0.00348   0.02788   0.11459   0.25860   0.31603   0.19647   0.06223   0.01805   0.00248
         9         0
   0.20983   0.37967   0.29191   0.09678   0.02044   0.00133   0.00004   0.00000   0.00000   0.00000   0.00000
         9         1
   0.18523   0.38732   0.28068   0.11626   0.02689   0.00347   0.00015   0.00000   0.00000   0.00000   0.00000
         9         2
   0.17203   0.33461   0.30231   0.13873   0.04343   0.00814   0.00073   0.00002   0.00000   0.00000   0.00000
         9         3
   0.12592   0.31216   0.29217   0.18056   0.07000   0.01639   0.00264   0.00016   0.00000   0.00000   0.00000
         9         4
   0.09334   0.23347   0.30670   0.21887   0.10628   0.03438   0.00604   0.00088   0.00003   0.00000   0.00000
         9         5
   0.04737   0.17965   0.26976   0.26983   0.15591   0.05903   0.01579   0.00237   0.00028   0.00001   0.00000
         9         6
   0.01443   0.10111   0.24453   0.27784   0.21680   0.10541   0.03081   0.00805   0.00093   0.00010   0.00000
         9         7
   0.00206   0.03003   0.14770   0.28956   0.26653   0.16933   0.07112   0.01893   0.00424   0.00046   0.00004
         9         8
   0.00148   0.01644   0.07930   0.20949   0.30064   0.22462   0.11052   0.04566   0.00975   0.00191   0.00019
         9         9
   0.00007   0.00192   0.02050   0.10090   0.24537   0.30572   0.19899   0.08827   0.03176   0.00583   0.00067
         9        10
   0.00001   0.00035   0.00543   0.03833   0.13925   0.27758   0.29964   0.16817   0.05423   0.01497   0.00204
        10         0
   0.20731   0.37443   0.29457   0.09958   0.02235   0.00171   0.00006   0.00000   0.00000   0.00000   0.00000
        10         1
   0.18295   0.38631   0.27960   0.11930   0.02772   0.00392   0.00020   0.00000   0.00000   0.00000   0.00000
        10         2
   0.17162   0.33401   0.30336   0.13727   0.04470   0.00816   0.00085   0.00003   0.00000   0.00000   0.00000
        10         3
   0.12950   0.31379   0.28976   0.18002   0.06738   0.01676   0.00260   0.00019   0.00001   0.00000   0.00000
        10         4
   0.09664   0.24197   0.30609   0.21099   0.10488   0.03247   0.00605   0.00087   0.00004   0.00000   0.00000
        10         5
   0.05475   0.18622   0.27283   0.26497   0.14625   0.05737   0.01498   0.00233   0.00028   0.00001   0.00000
        10         6
   0.01926   0.11494   0.24789   0.27389   0.21012   0.09623   0.02910   0.00758   0.00088   0.00010   0.00000
        10         7
   0.00447   0.04624   0.17460   0.28708   0.25055   0.15625   0.06007   0.01657   0.00375   0.00038   0.00004
        10         8
   0.00181   0.02049   0.09509   0.22718   0.29326   0.20880   0.10303   0.03957   0.00875   0.00185   0.00016
        10         9
   0.00024   0.00374   0.02909   0.12042   0.26006   0.29264   0.17956   0.08158   0.02703   0.00502   0.00061
        10        10
   0.00002   0.00058   0.00786   0.04935   0.16117   0.28922   0.28179   0.14700   0.04869   0.01261   0.00171
        11         0
   0.20377   0.37355   0.29420   0.10264   0.02371   0.00206   0.00007   0.00000   0.00000   0.00000   0.00000
        11         1
   0.18272   0.38220   0.28109   0.12079   0.02867   0.00427   0.00024   0.00001   0.00000   0.00000   0.00000
        11         2
   0.17008   0.33638   0.30188   0.13709   0.04537   0.00822   0.00094   0.00004   0.00000   0.00000   0.00000
        11         3
   0.13304   0.31288   0.29040   0.17825   0.06567   0.01699   0.00256   0.00022   0.00001   0.00000   0.00000
        11         4
   0.09909   0.24991   0.30355   0.20670   0.10292   0.03089   0.00606   0.00084   0.00004   0.00000   0.00000
        11         5
   0.06054   0.19141   0.27661   0.25887   0.14003   0.05577   0.01414   0.00233   0.00028   0.00001   0.00000
        11         6
   0.02391   0.12618   0.25053   0.27203   0.20247   0.08949   0.02746   0.00700   0.00084   0.00010   0.00000
        11         7
   0.00621   0.05586   0.18736   0.28404   0.24305   0.14891   0.05496   0.01562   0.00359   0.00037   0.00004
        11         8
   0.00222   0.02467   0.10899   0.23936   0.28527   0.19761   0.09658   0.03520   0.00807   0.00188   0.00015
        11         9
   0.00042   0.00574   0.03780   0.13745   0.26925   0.27977   0.16510   0.07573   0.02353   0.00447   0.00075
        11        10
   0.00004   0.00095   0.01068   0.06020   0.17960   0.29524   0.26479   0.13145   0.04455   0.01102   0.00149
        12         0
   0.20067   0.37399   0.29284   0.10540   0.02464   0.00238   0.00009   0.00000   0.00000   0.00000   0.00000
        12         1
   0.18313   0.37752   0.28341   0.12148   0.02963   0.00453   0.00028   0.00001   0.00000   0.00000   0.00000
        12         2
   0.16835   0.33934   0.29966   0.13760   0.04567   0.00833   0.00101   0.00004   0.00000   0.00000   0.00000
        12         3
   0.13601   0.31144   0.29203   0.17613   0.06458   0.01705   0.00253   0.00024   0.00001   0.00000   0.00000
        12         4
   0.10108   0.25641   0.30067   0.20436   0.10090   0.02967   0.00605   0.00081   0.00005   0.00000   0.00000
        12         5
   0.06502   0.19588   0.28007   0.25295   0.13590   0.05426   0.01331   0.00233   0.00027   0.00001   0.00000
        12         6
   0.02817   0.13544   0.25355   0.27098   0.19478   0.08421   0.02574   0.00626   0.00078   0.00009   0.00000
        12         7
   0.00800   0.06437   0.19676   0.28123   0.23773   0.14223   0.05116   0.01484   0.00329   0.00036   0.00004
        12         8
   0.00282   0.02976   0.12251   0.24758   0.27723   0.18861   0.09029   0.03181   0.00748   0.00178   0.00014
        12         9
   0.00000   0.00002   0.00040   0.00510   0.03772   0.17769   0.50500   0.24306   0.01379   0.01718   0.00004
        12        10
   0.00007   0.00139   0.01355   0.06986   0.19381   0.29731   0.25090   0.12056   0.04123   0.00997   0.00134
        13         0
   0.19742   0.37565   0.29087   0.10793   0.02536   0.00266   0.00011   0.00000   0.00000   0.00000   0.00000
        13         1
   0.18359   0.37339   0.28569   0.12178   0.03050   0.00472   0.00032   0.00001   0.00000   0.00000   0.00000
        13         2
   0.16691   0.34193   0.29751   0.13836   0.04573   0.00845   0.00106   0.00005   0.00000   0.00000   0.00000
        13         3
   0.13820   0.31015   0.29367   0.17417   0.06401   0.01703   0.00251   0.00025   0.00001   0.00000   0.00000
        13         4
   0.10278   0.26131   0.29816   0.20297   0.09906   0.02883   0.00603   0.00079   0.00005   0.00000   0.00000
        13         5
   0.06839   0.19971   0.28269   0.24788   0.13312   0.05298   0.01263   0.00232   0.00026   0.00001   0.00000
        13         6
   0.03177   0.14242   0.25598   0.27009   0.18832   0.08051   0.02447   0.00563   0.00073   0.00008   0.00000
        13         7
   0.00969   0.07151   0.20354   0.27892   0.23375   0.13662   0.04837   0.01426   0.00296   0.00035   0.00003
        13         8
   0.00341   0.03435   0.13352   0.25282   0.27046   0.18191   0.08533   0.02943   0.00703   0.00160   0.00013
        13         9
   0.00076   0.00944   0.05285   0.16259   0.27753   0.25956   0.14686   0.06672   0.01913   0.00375   0.00081
        13        10
   0.00009   0.00159   0.01471   0.07308   0.19654   0.29440   0.25156   0.11872   0.03845   0.00966   0.00121
        14         0
   0.19514   0.37676   0.28939   0.10982   0.02587   0.00289   0.00013   0.00000   0.00000   0.00000   0.00000
        14         1
   0.18420   0.37036   0.28727   0.12186   0.03107   0.00486   0.00036   0.00001   0.00000   0.00000   0.00000
        14         2
   0.16583   0.34380   0.29576   0.13916   0.04571   0.00858   0.00109   0.00006   0.00000   0.00000   0.00000
        14         3
   0.13969   0.30928   0.29497   0.17254   0.06378   0.01696   0.00251   0.00026   0.00001   0.00000   0.00000
        14         4
   0.10415   0.26470   0.29628   0.20213   0.09756   0.02834   0.00601   0.00078   0.00006   0.00000   0.00000
        14         5
   0.07084   0.20284   0.28445   0.24393   0.13125   0.05195   0.01218   0.00230   0.00025   0.00001   0.00000
        14         6
   0.03457   0.14720   0.25736   0.26922   0.18361   0.07823   0.02378   0.00524   0.00071   0.00007   0.00000
        14         7
   0.01113   0.07712   0.20832   0.27720   0.23068   0.13224   0.04638   0.01385   0.00269   0.00034   0.00003
        14         8
   0.00385   0.03762   0.14098   0.25601   0.26577   0.17757   0.08199   0.02790   0.00676   0.00142   0.00012
        14         9
   0.00091   0.01099   0.05849   0.17058   0.27877   0.25284   0.14155   0.06374   0.01785   0.00355   0.00073
        14        10
   0.00010   0.00180   0.01580   0.07574   0.19821   0.29148   0.25203   0.11783   0.03645   0.00944   0.00112
