   0     0.839     1.323     1.109     0.358     0.078     0.010     0.001     0.000     0.000     0.000     0.000
   1     0.423     1.029     0.772     0.482     0.112     0.018     0.002     0.000     0.000     0.000     0.000
   2     0.374     0.787     0.915     0.481     0.289     0.047     0.006     0.000     0.000     0.000     0.000
   3     0.249     0.665     0.749     0.711     0.312     0.202     0.021     0.002     0.000     0.000     0.000
   4     0.160     0.468     0.711     0.652     0.609     0.220     0.148     0.011     0.001     0.000     0.000
   5     0.095     0.322     0.569     0.713     0.566     0.519     0.161     0.142     0.006     0.000     0.000
   6     0.049     0.202     0.433     0.613     0.664     0.478     0.468     0.117     0.133     0.003     0.000
   7     0.022     0.113     0.298     0.500     0.614     0.630     0.436     0.451     0.099     0.128     0.002
   8     0.008     0.054     0.179     0.374     0.557     0.631     0.611     0.397     0.428     0.087     0.117
   9     0.002     0.021     0.089     0.223     0.388     0.493     0.495     0.425     0.208     0.318     0.004
  10     0.001     0.008     0.038     0.114     0.230     0.326     0.342     0.289     0.256     0.095     0.164
 --------------------
   0   0.841E-10
   1   0.133E-09
   2   0.111E-09
   3   0.360E-10
   4   0.783E-11
   5   0.101E-11
   6   0.779E-13
   7   0.289E-14
   8   0.599E-16
   9   0.761E-18
  10   0.713E-20
