  0   1   0  1.000E+00  0.000E+00  4.390E-06  0.000E+00    90400.17  1.880E+09  4.249E-01
  1   2   0  1.000E+00  0.000E+00  1.120E-05  0.000E+00    91547.68  1.760E+09  3.186E+01
  2   3   0  1.000E+00  0.000E+00  1.700E-05  0.000E+00    92666.88  1.670E+09  5.878E+02
  3   4   0  1.000E+00  0.000E+00  2.210E-05  0.000E+00    93759.48  1.580E+09  4.266E+04
  4   5   0  1.000E+00  0.000E+00  2.660E-05  0.000E+00    94826.39  1.500E+09  1.695E+05
  5   6   0  1.000E+00  0.000E+00  3.060E-05  0.000E+00    95868.18  1.430E+09  3.461E+06
  6   7   0  1.000E+00  0.000E+00  3.420E-05  0.000E+00    96885.25  1.360E+09  2.026E+07
  7   8   0  1.000E+00  0.000E+00  3.730E-05  0.000E+00    97877.95  1.300E+09  4.550E+07
  8   9   0  1.000E+00  0.000E+00  4.010E-05  0.000E+00    98846.58  1.250E+09  2.538E+08
  9  10   0  1.000E+00  0.000E+00  4.260E-05  0.000E+00    99791.44  1.190E+09  2.975E+08
 10  11   0  1.000E+00  0.000E+00  4.470E-05  0.000E+00   100712.85  1.150E+09  4.680E+08
 11  12   0  1.000E+00  0.000E+00  4.660E-05  0.000E+00   101611.12  1.100E+09  4.411E+08
 12  13   0  1.000E+00  0.000E+00  4.830E-05  0.000E+00   102486.58  1.060E+09  4.229E+08
 13  14   0  1.000E+00  0.000E+00  4.970E-05  0.000E+00   103339.55  1.020E+09  5.182E+08
 14  15   0  1.000E+00  0.000E+00  5.090E-05  0.000E+00   104170.37  9.800E+08  4.920E+08
 15  16   0  1.000E+00  0.000E+00  5.190E-05  0.000E+00   104979.38  9.440E+08  4.899E+08
 16  17   0  1.000E+00  0.000E+00  5.280E-05  0.000E+00   105766.92  9.110E+08  4.883E+08
 17  18   0  1.000E+00  0.000E+00  5.340E-05  0.000E+00   106533.33  8.800E+08  4.778E+08
 18  19   0  1.000E+00  0.000E+00  5.390E-05  0.000E+00   107278.95  8.500E+08  4.879E+08
 19  20   0  1.000E+00  0.000E+00  5.420E-05  0.000E+00   108004.10  8.230E+08  4.856E+08
 20  21   0  1.000E+00  0.000E+00  5.450E-05  0.000E+00   108709.11  7.970E+08  4.742E+08
 21  22   0  1.000E+00  0.000E+00  5.450E-05  0.000E+00   109394.28  7.720E+08  4.624E+08
 22  23   0  1.000E+00  0.000E+00  5.450E-05  0.000E+00   110059.90  7.500E+08  4.538E+08
 23  25   0  1.000E+00  0.000E+00  5.430E-05  0.000E+00   110706.22  7.280E+08  4.455E+08
 24  26   0  1.000E+00  0.000E+00  5.410E-05  0.000E+00   111333.49  7.080E+08  4.496E+08
 25  27   0  1.000E+00  0.000E+00  5.370E-05  0.000E+00   111941.91  6.890E+08  4.430E+08
 26  29   0  1.000E+00  0.000E+00  5.320E-05  0.000E+00   112531.61  6.720E+08  4.476E+08
 27  30   0  1.000E+00  0.000E+00  5.250E-05  0.000E+00   113102.70  6.560E+08  4.395E+08
 28  31   0  1.000E+00  0.000E+00  5.180E-05  0.000E+00   113655.19  6.420E+08  4.385E+08
 29  33   0  1.000E+00  0.000E+00  5.090E-05  0.000E+00   114188.99  6.290E+08  4.321E+08
 30  34   0  1.000E+00  0.000E+00  4.990E-05  0.000E+00   114703.90  6.170E+08  4.276E+08
 31  35   0  1.000E+00  0.000E+00  5.010E-05  0.000E+00   115199.54  6.080E+08  4.280E+08
 32  37   0  1.000E+00  0.000E+00  4.740E-05  0.000E+00   115675.30  6.000E+08  4.260E+08
 33  38   0  1.000E+00  0.000E+00  4.590E-05  0.000E+00   116130.26  5.950E+08  4.344E+08
 34  40   0  1.000E+00  0.000E+00  4.440E-05  0.000E+00   116563.06  5.930E+08  4.370E+08
 35  41   0  1.000E+00  0.000E+00  4.330E-05  0.000E+00   116971.71  5.950E+08  4.552E+08
 36  42   0  1.000E+00  0.000E+00  4.390E-05  0.000E+00   117353.29  6.010E+08  4.652E+08
 37  44   0  1.000E+00  0.000E+00  5.220E-05  0.000E+00   117703.51  6.160E+08  4.965E+08
 38  45   0  1.000E+00  0.000E+00  9.540E-05  0.000E+00   118015.93  6.420E+08  5.258E+08
 39  47   0  1.000E+00  0.000E+00  3.340E-04  0.000E+00   118280.87  6.920E+08  5.903E+08
 40  49   0  9.980E-01  0.000E+00  1.950E-03  0.000E+00   118483.77  7.930E+08  6.867E+08
 41  51   0  9.810E-01  0.000E+00  1.880E-02  0.000E+00   118605.00  9.870E+08  8.814E+08
 42  53   0  9.880E-01  0.000E+00  1.200E-02  0.000E+00   118649.53  1.150E+09  1.034E+09
 43  55   0  9.750E-01  0.000E+00  2.500E-02  0.000E+00   118666.85  1.120E+09  1.095E+09
  0   1   1  1.000E+00  1.360E-05  4.380E-06  1.420E-07    90429.52  1.870E+09  4.320E-01
  1   2   1  1.000E+00  2.000E-05  1.110E-05  1.360E-07    91575.73  1.760E+09  3.678E+01
  2   3   1  1.000E+00  2.660E-05  1.700E-05  1.310E-07    92693.83  1.670E+09  5.761E+02
  3   4   1  1.000E+00  3.460E-05  2.210E-05  1.270E-07    93785.45  1.580E+09  4.471E+04
  4   5   1  1.000E+00  4.170E-05  2.660E-05  1.230E-07    94851.46  1.500E+09  2.010E+05
  5   6   1  1.000E+00  5.050E-05  3.050E-05  1.190E-07    95892.41  1.430E+09  3.403E+06
  6   7   1  1.000E+00  6.250E-05  3.410E-05  1.150E-07    96908.71  1.360E+09  2.203E+07
  7   8   1  1.000E+00  8.110E-05  3.720E-05  1.120E-07    97900.66  1.300E+09  4.576E+07
  8   9   1  1.000E+00  1.940E-04  3.990E-05  1.110E-07    98868.56  1.250E+09  2.562E+08
  9  11   1  1.000E+00  1.370E-04  4.240E-05  1.050E-07    99812.80  1.190E+09  3.094E+08
 10  12   1  1.000E+00  2.480E-04  4.460E-05  1.070E-07   100733.51  1.140E+09  4.617E+08
 11  14   1  1.000E+00  3.470E-04  4.650E-05  9.610E-08   101631.30  1.100E+09  4.400E+08
 12  15   1  1.000E+00  2.650E-04  4.810E-05  1.050E-07   102506.03  1.060E+09  4.219E+08
 13  17   1  9.980E-01  2.090E-03  4.960E-05  9.190E-08   103358.80  1.020E+09  5.171E+08
 14  18   1  1.000E+00  2.810E-04  5.070E-05  9.700E-08   104188.72  9.800E+08  4.910E+08
 15  19   1  8.790E-01  1.210E-01  4.450E-05  1.200E-06   104994.20  9.660E+08  4.318E+08
 16  21   1  1.000E+00  2.970E-04  5.260E-05  8.680E-08   105784.26  9.120E+08  4.925E+08
 17  22   1  9.970E-01  2.680E-03  5.290E-05  1.300E-07   106549.75  8.810E+08  4.784E+08
 18  24   1  9.990E-01  4.010E-04  5.370E-05  1.040E-07   107295.36  8.510E+08  4.936E+08
 19  25   1  9.990E-01  1.030E-03  5.390E-05  1.030E-07   108019.75  8.240E+08  4.878E+08
 20  27   1  9.990E-01  6.990E-04  5.430E-05  1.030E-07   108724.69  7.980E+08  4.780E+08
 21  28   1  9.990E-01  6.630E-04  5.430E-05  1.000E-07   109409.11  7.730E+08  4.669E+08
 22  30   1  9.980E-01  2.090E-03  5.440E-05  1.100E-07   110074.80  7.510E+08  4.559E+08
 23  32   1  9.990E-01  5.330E-04  5.410E-05  1.420E-07   110720.25  7.290E+08  4.520E+08
 24  34   1  9.700E-01  2.990E-02  5.320E-05  3.610E-07   111348.77  7.200E+08  4.385E+08
 25  35   1  9.990E-01  5.020E-04  5.350E-05  1.130E-07   111955.15  6.900E+08  4.499E+08
 26  37   1  9.860E-01  1.370E-02  5.180E-05  2.840E-07   112543.42  6.770E+08  4.455E+08
 27  40   1  9.990E-01  5.660E-04  5.240E-05  7.590E-08   113115.19  6.570E+08  4.454E+08
 28  41   1  9.970E-01  2.750E-03  5.130E-05  1.270E-07   113666.81  6.430E+08  4.417E+08
 29  44   1  9.990E-01  7.750E-04  5.080E-05  6.040E-08   114200.75  6.300E+08  4.372E+08
 30  45   1  9.980E-01  1.440E-03  4.960E-05  9.510E-08   114714.88  6.180E+08  4.332E+08
 31  48   1  9.990E-01  1.230E-03  4.880E-05  6.550E-08   115210.55  6.090E+08  4.324E+08
 32  50   1  9.990E-01  1.070E-03  4.710E-05  7.270E-08   115685.51  6.020E+08  4.334E+08
 33  52   1  9.980E-01  2.000E-03  4.590E-05  6.120E-08   116140.46  5.970E+08  4.400E+08
 34  54   1  9.990E-01  9.630E-04  4.420E-05  6.350E-08   116572.39  5.940E+08  4.479E+08
 35  57   1  9.970E-01  2.790E-03  4.320E-05  5.560E-08   116980.94  5.970E+08  4.633E+08
 36  58   1  9.990E-01  9.810E-04  4.380E-05  4.800E-08   117361.52  6.020E+08  4.792E+08
 37  61   1  9.970E-01  2.860E-03  5.250E-05  4.620E-08   117711.40  6.160E+08  5.100E+08
 38  62   1  9.990E-01  1.060E-03  9.700E-05  3.970E-08   118022.62  6.370E+08  5.465E+08
 39  65   1  9.970E-01  2.700E-03  3.450E-04  3.630E-08   118286.74  6.860E+08  6.147E+08
 40  67   1  9.970E-01  7.450E-04  2.040E-03  8.100E-08   118487.95  7.860E+08  7.373E+08
 41  70   1  9.660E-01  1.500E-02  1.820E-02  9.700E-04   118607.05  9.650E+08  9.380E+08
 42  73   1  9.870E-01  1.640E-03  1.110E-02  2.840E-06   118650.59  1.100E+09  1.092E+09
 43  75   1  9.590E-01  4.550E-04  4.030E-02  1.380E-04   118667.59  1.090E+09  1.086E+09
  0   1   2  1.000E+00  4.670E-05  4.360E-06  4.310E-07    90488.00  1.870E+09  4.544E-01
  1   2   2  1.000E+00  6.050E-05  1.110E-05  4.080E-07    91631.65  1.760E+09  4.541E+01
  2   3   2  1.000E+00  7.750E-05  1.680E-05  3.920E-07    92747.56  1.660E+09  5.694E+02
  3   4   2  1.000E+00  9.650E-05  2.190E-05  3.780E-07    93837.22  1.580E+09  4.756E+04
  4   5   2  1.000E+00  1.170E-04  2.640E-05  3.650E-07    94901.45  1.500E+09  2.565E+05
  5   6   2  1.000E+00  1.410E-04  3.030E-05  3.540E-07    95940.75  1.430E+09  3.260E+06
  6   7   2  1.000E+00  1.730E-04  3.380E-05  3.440E-07    96955.50  1.360E+09  2.448E+07
  7   8   2  1.000E+00  2.260E-04  3.690E-05  3.340E-07    97945.98  1.300E+09  4.667E+07
  8   9   2  9.990E-01  4.970E-04  3.970E-05  3.320E-07    98912.43  1.250E+09  2.588E+08
  9  11   2  9.990E-01  4.140E-04  4.220E-05  3.130E-07    99855.44  1.190E+09  3.249E+08
 10  12   2  9.990E-01  6.450E-04  4.420E-05  3.160E-07   100774.74  1.140E+09  4.594E+08
 11  14   2  9.990E-01  1.280E-03  4.630E-05  2.830E-07   101671.60  1.100E+09  4.389E+08
 12  15   2  9.990E-01  7.110E-04  4.770E-05  3.050E-07   102544.87  1.060E+09  4.198E+08
 13  17   2  9.880E-01  1.210E-02  4.930E-05  2.740E-07   103397.61  1.020E+09  5.110E+08
 14  18   2  9.990E-01  7.590E-04  5.040E-05  2.810E-07   104225.37  9.780E+08  4.890E+08
 15  19   2  9.570E-01  4.310E-02  4.820E-05  7.480E-07   105029.94  9.510E+08  4.669E+08
 16  21   2  9.990E-01  8.740E-04  5.220E-05  2.570E-07   105818.89  9.120E+08  4.943E+08
 17  22   2  9.950E-01  5.310E-03  5.220E-05  3.490E-07   106582.78  8.800E+08  4.761E+08
 18  24   2  9.990E-01  1.220E-03  5.350E-05  2.410E-07   107328.16  8.520E+08  4.959E+08
 19  25   2  9.970E-01  2.500E-03  5.340E-05  2.920E-07   108051.08  8.230E+08  4.864E+08
 20  27   2  9.980E-01  2.420E-03  5.420E-05  2.240E-07   108755.86  7.990E+08  4.770E+08
 21  28   2  9.980E-01  1.710E-03  5.380E-05  2.540E-07   109438.76  7.740E+08  4.667E+08
 22  30   2  9.910E-01  9.170E-03  5.430E-05  2.420E-07   110104.83  7.540E+08  4.524E+08
 23  31   2  9.980E-01  1.440E-03  5.590E-05  2.840E-07   110748.28  7.300E+08  4.533E+08
 24  34   2  6.840E-01  3.160E-01  4.260E-05  3.340E-06   111385.15  8.280E+08  3.080E+08
 25  35   2  9.980E-01  1.440E-03  5.320E-05  2.130E-07   111981.63  6.920E+08  4.512E+08
 26  37   2  9.810E-01  1.900E-02  5.080E-05  4.850E-07   112568.03  6.790E+08  4.427E+08
 27  39   2  9.980E-01  1.750E-03  5.210E-05  2.210E-07   113140.17  6.580E+08  4.448E+08
 28  41   2  9.940E-01  5.900E-03  5.060E-05  2.770E-07   113690.25  6.450E+08  4.405E+08
 29  44   2  9.970E-01  2.580E-03  5.060E-05  1.710E-07   114224.26  6.310E+08  4.354E+08
 30  45   2  9.970E-01  3.500E-03  4.900E-05  2.120E-07   114736.90  6.200E+08  4.315E+08
 31  48   2  9.960E-01  4.430E-03  4.850E-05  1.630E-07   115232.61  6.120E+08  4.308E+08
 32  50   2  9.970E-01  2.750E-03  4.670E-05  1.800E-07   115705.97  6.040E+08  4.325E+08
 33  52   2  9.920E-01  7.900E-03  4.580E-05  1.710E-07   116160.97  6.020E+08  4.395E+08
 34  54   2  9.970E-01  2.540E-03  4.390E-05  1.590E-07   116591.05  5.970E+08  4.483E+08
 35  57   2  9.880E-01  1.170E-02  4.330E-05  2.030E-07   116999.55  6.020E+08  4.611E+08
 36  58   2  9.970E-01  2.610E-03  4.370E-05  1.360E-07   117377.98  6.050E+08  4.786E+08
 37  61   2  9.880E-01  1.210E-02  5.350E-05  1.610E-07   117727.31  6.210E+08  5.111E+08
 38  62   2  9.970E-01  2.760E-03  1.000E-04  1.140E-07   118035.99  6.350E+08  5.442E+08
 39  65   2  9.880E-01  1.180E-02  4.560E-04  5.790E-07   118298.53  6.840E+08  6.108E+08
 40  67   2  9.960E-01  1.970E-03  2.300E-03  4.750E-07   118496.22  7.820E+08  7.335E+08
 41  69   2  9.700E-01  1.050E-02  1.990E-02  3.830E-05   118611.40  9.550E+08  9.311E+08
 42  72   2  9.590E-01  3.100E-02  9.550E-03  9.780E-05   118652.84  1.100E+09  1.086E+09
 43  74   2  9.630E-01  2.710E-03  2.570E-02  8.910E-03   118668.93  1.140E+09  1.132E+09
  0   1   3  1.000E+00  8.860E-05  4.330E-06  8.490E-07    90575.18  1.860E+09  4.427E-01
  1   2   3  1.000E+00  1.190E-04  1.090E-05  8.080E-07    91715.06  1.760E+09  6.054E+01
  2   3   3  1.000E+00  1.520E-04  1.670E-05  7.760E-07    92827.71  1.660E+09  6.258E+02
  3   4   3  1.000E+00  1.880E-04  2.170E-05  7.480E-07    93914.49  1.570E+09  5.087E+04
  4   5   3  1.000E+00  2.260E-04  2.610E-05  7.230E-07    94976.08  1.490E+09  3.606E+05
  5   6   3  1.000E+00  2.720E-04  3.000E-05  7.010E-07    96012.93  1.420E+09  3.053E+06
  6   7   3  1.000E+00  3.320E-04  3.350E-05  6.800E-07    97025.37  1.360E+09  2.842E+07
  7   8   3  9.990E-01  4.280E-04  3.660E-05  6.630E-07    98013.65  1.300E+09  5.044E+07
  8   9   3  9.990E-01  8.270E-04  3.930E-05  6.520E-07    98977.99  1.240E+09  2.567E+08
  9  11   3  9.990E-01  8.940E-04  4.180E-05  6.180E-07    99919.14  1.190E+09  3.534E+08
 10  12   3  9.990E-01  1.110E-03  4.370E-05  6.270E-07   100836.39  1.140E+09  4.560E+08
 11  14   3  9.960E-01  3.950E-03  4.590E-05  5.550E-07   101731.98  1.100E+09  4.356E+08
 12  15   3  9.990E-01  1.260E-03  4.720E-05  5.940E-07   102602.95  1.050E+09  4.158E+08
 13  17   3  8.740E-01  1.250E-01  4.690E-05  9.400E-07   103459.19  1.030E+09  4.480E+08
 14  18   3  9.980E-01  1.410E-03  4.990E-05  5.490E-07   104280.18  9.760E+08  4.851E+08
 15  19   3  9.780E-01  2.230E-02  4.880E-05  8.330E-07   105083.29  9.440E+08  4.739E+08
 16  21   3  9.980E-01  1.740E-03  5.180E-05  5.040E-07   105870.71  9.080E+08  4.967E+08
 17  22   3  9.930E-01  6.600E-03  5.150E-05  6.160E-07   106632.54  8.780E+08  4.759E+08
 18  24   3  9.970E-01  2.730E-03  5.310E-05  4.620E-07   107377.28  8.490E+08  5.009E+08
 19  25   3  9.960E-01  3.840E-03  5.270E-05  5.340E-07   108098.10  8.210E+08  4.860E+08
 20  27   3  9.930E-01  6.610E-03  5.400E-05  4.300E-07   108802.71  7.970E+08  4.774E+08
 21  28   3  9.970E-01  2.900E-03  5.320E-05  4.780E-07   109483.21  7.710E+08  4.695E+08
 22  30   3  9.600E-01  4.020E-02  5.410E-05  6.230E-07   110151.08  7.630E+08  4.395E+08
 23  31   3  9.970E-01  2.620E-03  5.320E-05  4.310E-07   110790.28  7.270E+08  4.587E+08
 24  33   3  8.530E-01  1.470E-01  4.340E-05  2.300E-06   111406.25  7.580E+08  3.904E+08
 25  35   3  9.970E-01  2.860E-03  5.270E-05  3.950E-07   112021.30  6.890E+08  4.561E+08
 26  37   3  9.820E-01  1.790E-02  5.020E-05  6.610E-07   112605.72  6.770E+08  4.455E+08
 27  39   3  9.960E-01  3.820E-03  5.180E-05  3.540E-07   113177.62  6.560E+08  4.480E+08
 28  41   3  9.920E-01  7.980E-03  4.990E-05  4.710E-07   113725.63  6.430E+08  4.411E+08
 29  44   3  9.940E-01  6.360E-03  5.040E-05  3.370E-07   114259.60  6.310E+08  4.367E+08
 30  45   3  9.940E-01  5.410E-03  4.840E-05  3.860E-07   114770.02  6.190E+08  4.352E+08
 31  48   3  9.870E-01  1.270E-02  4.850E-05  3.550E-07   115265.93  6.140E+08  4.316E+08
 32  50   3  9.950E-01  4.560E-03  4.620E-05  3.370E-07   115736.68  6.020E+08  4.377E+08
 33  52   3  9.730E-01  2.700E-02  4.600E-05  4.150E-07   116192.28  6.090E+08  4.434E+08
 34  54   3  9.930E-01  4.370E-03  2.310E-03  3.970E-05   116619.06  5.940E+08  4.538E+08
 35  56   3  9.540E-01  4.580E-02  4.400E-05  7.440E-07   117028.28  6.190E+08  4.624E+08
 36  58   3  9.950E-01  4.540E-03  4.360E-05  2.590E-07   117402.65  6.050E+08  4.882E+08
 37  61   3  9.520E-01  4.760E-02  5.680E-05  4.850E-07   117751.83  6.420E+08  5.232E+08
 38  62   3  9.950E-01  4.720E-03  1.060E-04  2.150E-07   118055.97  6.480E+08  5.605E+08
 39  64   3  9.480E-01  5.140E-02  5.190E-04  8.360E-07   118316.70  7.230E+08  6.391E+08
 40  67   3  9.930E-01  3.450E-03  3.220E-03  2.060E-06   118508.40  8.120E+08  7.657E+08
 41  69   3  9.730E-01  6.650E-03  2.000E-02  1.120E-05   118617.74  1.010E+09  9.908E+08
 42  71   3  9.730E-01  1.690E-02  1.050E-02  7.110E-06   118655.09  1.170E+09  1.162E+09
 43  72   3  5.790E-01  2.940E-01  1.270E-01  3.440E-04   118669.26  1.050E+09  1.013E+09
 44  73   3  4.180E-01  1.970E-01  3.830E-01  1.550E-03   118672.79  8.210E+08  7.923E+08
  0   1   4  1.000E+00  1.440E-04  4.290E-06  1.390E-06    90690.44  1.860E+09  4.315E-01
  1   2   4  1.000E+00  1.920E-04  1.080E-05  1.330E-06    91825.40  1.750E+09  8.120E+01
  2   3   4  1.000E+00  2.440E-04  1.640E-05  1.270E-06    92933.82  1.650E+09  8.992E+02
  3   4   4  1.000E+00  2.990E-04  2.140E-05  1.230E-06    94016.80  1.570E+09  5.275E+04
  4   5   4  1.000E+00  3.610E-04  2.580E-05  1.190E-06    95074.92  1.490E+09  5.304E+05
  5   6   4  9.990E-01  4.340E-04  2.970E-05  1.150E-06    96108.55  1.420E+09  2.868E+06
  6   7   4  9.990E-01  5.260E-04  3.310E-05  1.120E-06    97117.95  1.350E+09  3.200E+07
  7   8   4  9.990E-01  6.680E-04  3.610E-05  1.090E-06    98103.35  1.290E+09  6.011E+07
  8   9   4  9.990E-01  1.140E-03  3.870E-05  1.070E-06    99064.92  1.240E+09  2.492E+08
  9  11   4  9.980E-01  1.840E-03  4.130E-05  1.010E-06   100003.67  1.190E+09  3.868E+08
 10  12   4  9.980E-01  1.560E-03  4.320E-05  1.020E-06   100918.16  1.140E+09  4.549E+08
 11  14   4  9.820E-01  1.770E-02  4.570E-05  8.940E-07   101812.86  1.090E+09  4.251E+08
 12  15   4  9.980E-01  1.850E-03  4.660E-05  9.670E-07   102680.02  1.050E+09  4.210E+08
 13  16   4  8.900E-01  1.100E-01  4.230E-05  1.860E-06   103520.17  1.020E+09  4.539E+08
 14  18   4  9.980E-01  2.200E-03  4.930E-05  8.950E-07   104352.95  9.740E+08  4.802E+08
 15  19   4  9.860E-01  1.420E-02  4.870E-05  1.100E-06   105154.05  9.400E+08  4.691E+08
 16  21   4  9.970E-01  3.030E-03  5.130E-05  8.210E-07   105939.58  9.060E+08  4.947E+08
 17  22   4  9.930E-01  6.940E-03  5.080E-05  9.410E-07   106698.88  8.760E+08  4.730E+08
 18  24   4  9.940E-01  5.770E-03  5.280E-05  7.500E-07   107442.70  8.480E+08  4.978E+08
 19  25   4  9.950E-01  4.840E-03  5.200E-05  8.430E-07   108160.70  8.190E+08  4.824E+08
 20  27   4  9.800E-01  2.020E-02  5.400E-05  7.360E-07   108865.76  8.000E+08  4.664E+08
 21  28   4  9.960E-01  4.080E-03  5.260E-05  7.610E-07   109542.34  7.690E+08  4.676E+08
 22  30   4  6.890E-01  3.110E-01  5.020E-05  3.200E-06   110222.67  8.570E+08  3.119E+08
 23  31   4  9.960E-01  4.070E-03  5.270E-05  6.860E-07   110846.16  7.260E+08  4.588E+08
 24  33   4  9.500E-01  4.970E-02  4.810E-05  1.400E-06   111463.21  7.210E+08  4.333E+08
 25  35   4  9.950E-01  4.980E-03  5.230E-05  6.190E-07   112074.12  6.880E+08  4.548E+08
 26  37   4  9.840E-01  1.550E-02  4.990E-05  8.600E-07   112656.27  6.740E+08  4.455E+08
 27  39   4  9.920E-01  7.760E-03  5.160E-05  5.730E-07   113227.59  6.570E+08  4.454E+08
 28  41   4  9.910E-01  9.010E-03  4.920E-05  6.930E-07   113772.93  6.420E+08  4.398E+08
 29  44   4  9.840E-01  1.580E-02  5.050E-05  5.640E-07   114307.03  6.350E+08  4.318E+08
 30  45   4  9.930E-01  6.950E-03  4.780E-05  5.970E-07   114814.21  6.180E+08  4.332E+08
 31  47   4  9.580E-01  4.200E-02  4.910E-05  7.470E-07   115311.43  6.280E+08  4.208E+08
 32  50   4  9.940E-01  6.340E-03  4.560E-05  5.260E-07   115777.61  6.020E+08  4.377E+08
 33  52   4  8.740E-01  1.260E-01  4.760E-05  1.370E-06   116236.98  6.570E+08  4.323E+08
 34  53   4  9.940E-01  6.390E-03  4.300E-05  4.650E-07   116656.34  5.960E+08  4.571E+08
 35  56   4  7.410E-01  2.590E-01  5.060E-05  2.450E-06   117071.80  7.240E+08  4.532E+08
 36  58   4  9.930E-01  6.710E-03  4.380E-05  4.100E-07   117435.44  6.070E+08  4.898E+08
 37  61   4  7.240E-01  2.760E-01  8.250E-05  2.310E-06   117789.16  7.540E+08  5.497E+08
 38  62   4  9.930E-01  6.870E-03  1.160E-04  3.350E-07   118082.41  6.530E+08  5.662E+08
 39  64   4  6.210E-01  3.780E-01  1.290E-03  3.810E-06   118345.81  8.680E+08  6.744E+08
 40  67   4  9.820E-01  5.440E-03  1.270E-02  2.040E-05   118524.22  8.220E+08  7.760E+08
 41  69   4  9.750E-01  4.780E-03  1.990E-02  6.800E-06   118625.66  1.040E+09  1.022E+09
 42  71   4  9.800E-01  4.400E-03  1.540E-02  1.660E-05   118658.82  1.180E+09  1.174E+09
 43  72   4  9.680E-01  7.120E-03  2.460E-02  2.520E-06   118673.38  1.180E+09  1.175E+09
  0   1   5  1.000E+00  2.070E-04  4.250E-06  2.040E-06    90832.97  1.850E+09  4.681E-01
  1   2   5  1.000E+00  2.770E-04  1.060E-05  1.950E-06    91961.97  1.740E+09  1.197E+02
  2   3   5  1.000E+00  3.480E-04  1.620E-05  1.880E-06    93065.21  1.650E+09  2.392E+03
  3   4   5  9.990E-01  4.270E-04  2.110E-05  1.810E-06    94143.55  1.560E+09  5.195E+04
  4   5   5  9.990E-01  5.140E-04  2.540E-05  1.750E-06    95197.42  1.480E+09  9.472E+05
  5   6   5  9.990E-01  6.160E-04  2.920E-05  1.700E-06    96227.09  1.410E+09  3.680E+06
  6   7   5  9.990E-01  7.420E-04  3.260E-05  1.650E-06    97232.76  1.350E+09  3.632E+07
  7   8   5  9.990E-01  9.280E-04  3.560E-05  1.610E-06    98214.61  1.280E+09  1.019E+08
  8   9   5  9.980E-01  1.430E-03  3.810E-05  1.580E-06    99172.78  1.230E+09  2.423E+08
  9  11   5  9.950E-01  5.180E-03  4.090E-05  1.480E-06   100108.80  1.180E+09  4.378E+08
 10  12   5  9.980E-01  1.980E-03  4.250E-05  1.500E-06   101019.71  1.130E+09  4.667E+08
 11  14   5  5.620E-01  4.380E-01  4.390E-05  1.970E-06   101927.12  1.120E+09  2.453E+08
 12  15   5  9.980E-01  2.450E-03  4.590E-05  1.410E-06   102775.78  1.040E+09  4.732E+08
 13  16   5  9.760E-01  2.430E-02  4.530E-05  1.660E-06   103616.76  1.010E+09  5.040E+08
 14  18   5  9.970E-01  3.210E-03  4.860E-05  1.310E-06   104443.43  9.670E+08  4.893E+08
 15  19   5  9.900E-01  1.030E-02  4.820E-05  1.450E-06   105241.91  9.310E+08  4.860E+08
 16  21   5  9.950E-01  5.330E-03  5.080E-05  1.200E-06   106025.33  9.030E+08  4.939E+08
 17  22   5  9.930E-01  6.890E-03  5.010E-05  1.320E-06   106781.51  8.690E+08  4.858E+08
 18  24   5  9.860E-01  1.430E-02  5.280E-05  1.100E-06   107524.67  8.470E+08  4.921E+08
 19  25   5  9.940E-01  5.610E-03  5.120E-05  1.200E-06   108238.68  8.160E+08  4.831E+08
 20  27   5  8.940E-01  1.060E-01  5.520E-05  1.600E-06   108948.71  8.250E+08  4.240E+08
 21  28   5  9.950E-01  5.310E-03  5.190E-05  1.090E-06   109616.00  7.670E+08  4.663E+08
 22  29   5  8.730E-01  1.270E-01  4.430E-05  2.730E-06   110263.21  7.810E+08  4.053E+08
 23  31   5  9.940E-01  6.050E-03  5.220E-05  9.920E-07   110915.81  7.250E+08  4.596E+08
 24  33   5  9.740E-01  2.650E-02  4.890E-05  1.400E-06   111531.53  7.090E+08  4.460E+08
 25  35   5  9.910E-01  8.780E-03  5.210E-05  9.060E-07   112140.09  6.880E+08  4.534E+08
 26  36   5  9.870E-01  1.340E-02  4.930E-05  1.100E-06   112719.40  6.710E+08  4.462E+08
 27  39   5  9.830E-01  1.750E-02  5.190E-05  8.620E-07   113290.38  6.600E+08  4.396E+08
 28  41   5  9.900E-01  9.550E-03  4.860E-05  9.500E-07   113832.00  6.410E+08  4.384E+08
 29  44   5  9.480E-01  5.150E-02  5.180E-05  1.030E-06   114367.89  6.500E+08  4.140E+08
 30  45   5  9.920E-01  8.350E-03  4.730E-05  8.360E-07   114869.34  6.180E+08  4.326E+08
 31  47   5  7.720E-01  2.280E-01  5.280E-05  2.510E-06   115375.02  7.110E+08  3.676E+08
 32  50   5  9.920E-01  8.310E-03  4.520E-05  7.490E-07   115828.65  6.030E+08  4.408E+08
 33  51   5  6.440E-01  3.560E-01  4.030E-05  4.530E-06   116257.40  7.550E+08  3.820E+08
 34  53   5  9.910E-01  8.880E-03  4.280E-05  6.650E-07   116702.82  5.970E+08  4.603E+08
 35  55   5  8.010E-01  1.990E-01  4.420E-05  2.700E-06   117091.71  6.820E+08  4.992E+08
 36  58   5  9.900E-01  9.540E-03  4.460E-05  6.560E-07   117476.24  6.080E+08  4.907E+08
 37  59   5  8.160E-01  1.840E-01  7.890E-05  2.260E-06   117806.29  7.050E+08  5.499E+08
 38  62   5  9.900E-01  9.770E-03  1.310E-04  4.750E-07   118115.13  6.580E+08  5.744E+08
 39  63   5  8.880E-01  1.110E-01  7.470E-04  1.340E-06   118357.93  7.440E+08  6.599E+08
 40  66   5  9.630E-01  8.520E-03  2.820E-02  6.100E-05   118543.05  8.340E+08  7.881E+08
 41  69   5  9.760E-01  4.300E-03  1.960E-02  8.240E-06   118634.67  1.080E+09  1.065E+09
 42  70   5  7.360E-01  3.710E-03  2.600E-01  2.630E-04   118662.32  9.800E+08  9.741E+08
  0   1   6  1.000E+00  2.760E-04  4.190E-06  2.790E-06    91001.81  1.840E+09  7.599E-01
  1   2   6  1.000E+00  3.650E-04  1.040E-05  2.670E-06    92123.89  1.730E+09  1.400E+02
  2   3   6  9.990E-01  4.600E-04  1.590E-05  2.570E-06    93221.11  1.640E+09  4.100E+03
  3   4   6  9.990E-01  5.640E-04  2.070E-05  2.490E-06    94294.02  1.550E+09  5.224E+04
  4   5   6  9.990E-01  6.780E-04  2.490E-05  2.410E-06    95342.90  1.480E+09  1.171E+06
  5   6   6  9.990E-01  8.080E-04  2.870E-05  2.340E-06    96367.92  1.410E+09  5.048E+06
  6   7   6  9.990E-01  9.680E-04  3.200E-05  2.270E-06    97369.20  1.340E+09  3.578E+07
  7   8   6  9.990E-01  1.190E-03  3.490E-05  2.210E-06    98346.87  1.280E+09  1.253E+08
  8   9   6  9.980E-01  1.690E-03  3.740E-05  2.160E-06    99301.06  1.230E+09  2.448E+08
  9  11   6  9.210E-01  7.930E-02  4.190E-05  1.800E-06   100236.71  1.180E+09  4.130E+08
 10  12   6  9.980E-01  2.370E-03  4.170E-05  2.050E-06   101140.53  1.130E+09  4.644E+08
 11  13   6  9.700E-01  2.970E-02  4.200E-05  2.230E-06   102022.67  1.080E+09  4.234E+08
 12  15   6  9.970E-01  3.150E-03  4.520E-05  1.920E-06   102889.81  1.040E+09  4.805E+08
 13  16   6  9.880E-01  1.200E-02  4.530E-05  2.040E-06   103728.39  1.000E+09  5.030E+08
 14  18   6  9.950E-01  4.870E-03  4.800E-05  1.780E-06   104551.32  9.670E+08  4.845E+08
 15  19   6  9.920E-01  8.280E-03  4.760E-05  1.890E-06   105346.49  9.320E+08  4.884E+08
 16  21   6  9.890E-01  1.130E-02  5.070E-05  1.620E-06   106128.03  9.030E+08  4.903E+08
 17  22   6  9.930E-01  6.810E-03  4.930E-05  1.750E-06   106880.07  8.690E+08  4.866E+08
 18  24   6  9.410E-01  5.950E-02  5.440E-05  1.650E-06   107625.44  8.590E+08  4.673E+08
 19  25   6  9.940E-01  6.360E-03  5.050E-05  1.600E-06   108331.72  8.140E+08  4.794E+08
 20  26   6  7.390E-01  2.610E-01  4.200E-05  4.480E-06   109006.38  8.610E+08  3.539E+08
 21  28   6  9.930E-01  6.930E-03  5.140E-05  1.470E-06   109703.97  7.660E+08  4.650E+08
 22  29   6  9.600E-01  3.970E-02  4.760E-05  2.040E-06   110353.29  7.520E+08  4.452E+08
 23  31   6  9.900E-01  9.520E-03  5.190E-05  1.340E-06   110999.14  7.240E+08  4.583E+08
 24  33   6  9.820E-01  1.780E-02  4.880E-05  1.610E-06   111612.26  7.060E+08  4.504E+08
 25  35   6  9.820E-01  1.830E-02  5.250E-05  1.250E-06   112219.49  6.910E+08  4.492E+08
 26  36   6  9.880E-01  1.210E-02  4.880E-05  1.390E-06   112794.79  6.690E+08  4.456E+08
 27  39   6  9.440E-01  5.620E-02  5.380E-05  1.380E-06   113367.67  6.770E+08  4.211E+08
 28  40   6  9.900E-01  1.020E-02  4.820E-05  1.250E-06   113902.61  6.400E+08  4.371E+08
 29  43   6  6.920E-01  3.070E-01  5.930E-05  3.490E-06   114452.05  7.660E+08  3.049E+08
 30  45   6  9.900E-01  1.010E-02  4.690E-05  1.100E-06   114935.26  6.180E+08  4.320E+08
 31  46   6  7.990E-01  2.010E-01  4.150E-05  3.410E-06   115406.20  6.910E+08  3.655E+08
 32  49   6  9.890E-01  1.130E-02  4.510E-05  1.000E-06   115889.71  6.030E+08  4.420E+08
 33  51   6  9.140E-01  8.550E-02  4.120E-05  1.960E-06   116325.90  6.310E+08  4.367E+08
 34  53   6  9.870E-01  1.300E-02  4.300E-05  8.950E-07   116758.39  6.000E+08  4.614E+08
 35  55   6  9.380E-01  6.140E-02  4.210E-05  1.520E-06   117148.55  6.230E+08  4.878E+08
 36  57   6  9.850E-01  1.460E-02  4.630E-05  8.020E-07   117524.94  6.130E+08  4.953E+08
 37  59   6  9.430E-01  5.710E-02  6.950E-05  1.260E-06   117854.00  6.490E+08  5.322E+08
 38  62   6  9.840E-01  1.530E-02  1.550E-04  6.350E-07   118153.88  6.660E+08  5.821E+08
 39  63   6  9.630E-01  3.630E-02  7.490E-04  8.120E-07   118391.01  7.380E+08  6.694E+08
 40  66   6  9.710E-01  2.160E-02  6.860E-03  1.500E-05   118564.94  8.740E+08  8.286E+08
 41  69   6  9.100E-01  5.210E-03  8.420E-02  1.290E-04   118644.43  1.060E+09  1.048E+09
 42  70   6  9.800E-01  5.450E-03  1.480E-02  1.010E-05   118667.22  1.200E+09  1.195E+09
  0   1   7  1.000E+00  3.490E-04  4.120E-06  3.610E-06    91195.80  1.830E+09  1.380E+00
  1   2   7  9.990E-01  4.570E-04  1.020E-05  3.470E-06    92310.16  1.720E+09  1.772E+02
  2   3   7  9.990E-01  5.750E-04  1.550E-05  3.350E-06    93400.60  1.630E+09  7.254E+03
  3   4   7  9.990E-01  7.030E-04  2.020E-05  3.240E-06    94467.37  1.540E+09  6.422E+04
  4   5   7  9.990E-01  8.430E-04  2.440E-05  3.140E-06    95510.59  1.470E+09  1.573E+06
  5   6   7  9.990E-01  1.000E-03  2.810E-05  3.050E-06    96530.31  1.400E+09  7.714E+06
  6   7   7  9.990E-01  1.190E-03  3.130E-05  2.970E-06    97526.57  1.330E+09  3.844E+07
  7   8   7  9.980E-01  1.440E-03  3.420E-05  2.890E-06    98499.48  1.270E+09  1.676E+08
  8   9   7  9.980E-01  1.930E-03  3.670E-05  2.820E-06    99449.12  1.220E+09  2.562E+08
  9  10   7  9.810E-01  1.940E-02  3.840E-05  2.820E-06   100374.01  1.160E+09  4.640E+08
 10  12   7  9.970E-01  2.760E-03  4.090E-05  2.660E-06   101280.09  1.120E+09  4.659E+08
 11  13   7  9.900E-01  1.030E-02  4.190E-05  2.700E-06   102159.73  1.080E+09  4.406E+08
 12  15   7  9.960E-01  4.190E-03  4.450E-05  2.490E-06   103021.65  1.030E+09  5.191E+08
 13  16   7  9.920E-01  8.210E-03  4.470E-05  2.550E-06   103856.69  9.970E+08  5.055E+08
 14  18   7  9.910E-01  9.050E-03  4.780E-05  2.290E-06   104676.46  9.600E+08  4.906E+08
 15  19   7  9.930E-01  7.240E-03  4.690E-05  2.390E-06   105467.34  9.240E+08  5.008E+08
 16  21   7  9.580E-01  4.190E-02  5.240E-05  2.130E-06   106249.24  9.070E+08  4.735E+08
 17  22   7  9.930E-01  6.920E-03  4.860E-05  2.220E-06   106994.11  8.620E+08  4.982E+08
 18  23   7  6.110E-01  3.890E-01  4.530E-05  5.720E-06   107696.84  9.330E+08  3.070E+08
 19  25   7  9.930E-01  7.470E-03  5.000E-05  2.050E-06   108439.51  8.100E+08  4.795E+08
 20  26   7  9.500E-01  5.030E-02  4.640E-05  2.710E-06   109123.22  7.950E+08  4.531E+08
 21  28   7  9.900E-01  9.930E-03  5.110E-05  1.880E-06   109806.07  7.640E+08  4.630E+08
 22  29   7  9.790E-01  2.120E-02  4.790E-05  2.190E-06   110453.39  7.420E+08  4.563E+08
 23  31   7  9.810E-01  1.860E-02  5.240E-05  1.740E-06   111096.43  7.260E+08  4.545E+08
 24  33   7  9.860E-01  1.400E-02  4.850E-05  1.920E-06   111705.39  7.010E+08  4.542E+08
 25  35   7  9.410E-01  5.900E-02  5.530E-05  1.810E-06   112314.32  7.070E+08  4.291E+08
 26  36   7  9.880E-01  1.170E-02  4.840E-05  1.710E-06   112882.12  6.670E+08  4.462E+08
 27  39   7  6.320E-01  3.680E-01  6.680E-05  4.290E-06   113473.65  8.100E+08  2.803E+08
 28  40   7  9.880E-01  1.170E-02  4.790E-05  1.550E-06   113984.52  6.390E+08  4.352E+08
 29  42   7  8.560E-01  1.440E-01  4.310E-05  3.260E-06   114491.96  6.800E+08  3.794E+08
 30  45   7  9.860E-01  1.360E-02  4.700E-05  1.400E-06   115011.85  6.180E+08  4.307E+08
 31  46   7  9.430E-01  5.720E-02  4.240E-05  2.080E-06   115486.80  6.250E+08  4.194E+08
 32  48   7  9.830E-01  1.750E-02  4.570E-05  1.310E-06   115960.78  6.060E+08  4.436E+08
 33  51   7  9.620E-01  3.740E-02  4.120E-05  1.660E-06   116395.62  6.080E+08  4.493E+08
 34  53   7  9.770E-01  2.290E-02  4.450E-05  1.170E-06   116823.19  6.050E+08  4.592E+08
 35  55   7  9.680E-01  3.170E-02  5.970E-04  1.920E-05   117209.96  6.100E+08  4.831E+08
 36  57   7  9.720E-01  2.750E-02  5.120E-05  1.050E-06   117581.66  6.220E+08  5.076E+08
 37  58   7  9.700E-01  2.980E-02  7.160E-05  1.190E-06   117905.49  6.350E+08  5.366E+08
 38  62   7  9.680E-01  3.150E-02  2.010E-04  9.370E-07   118198.71  6.770E+08  5.917E+08
 39  63   7  9.790E-01  2.020E-02  9.030E-04  7.880E-07   118426.63  7.450E+08  6.832E+08
 40  66   7  7.800E-01  1.910E-01  2.890E-02  5.430E-05   118591.99  9.480E+08  8.930E+08
 41  68   7  9.710E-01  9.150E-03  1.980E-02  7.390E-06   118653.79  1.140E+09  1.130E+09
 42  70   7  9.680E-01  8.320E-03  2.370E-02  3.620E-05   118672.16  1.190E+09  1.186E+09
  0   1   8  1.000E+00  4.160E-04  4.040E-06  4.480E-06    91413.74  1.810E+09  3.059E+00
  1   2   8  9.990E-01  5.460E-04  9.920E-06  4.320E-06    92519.69  1.710E+09  1.932E+02
  2   3   8  9.990E-01  6.870E-04  1.510E-05  4.180E-06    93602.67  1.610E+09  1.066E+04
  3   4   8  9.990E-01  8.380E-04  1.970E-05  4.060E-06    94662.67  1.530E+09  1.017E+05
  4   5   8  9.990E-01  1.000E-03  2.380E-05  3.940E-06    95699.60  1.460E+09  1.650E+06
  5   6   8  9.990E-01  1.190E-03  2.740E-05  3.830E-06    96713.42  1.390E+09  1.168E+07
  6   7   8  9.990E-01  1.400E-03  3.060E-05  3.720E-06    97704.10  1.330E+09  3.950E+07
  7   8   8  9.980E-01  1.680E-03  3.340E-05  3.620E-06    98671.70  1.270E+09  1.842E+08
  8   9   8  9.980E-01  2.150E-03  3.590E-05  3.530E-06    99616.25  1.210E+09  2.940E+08
  9  10   8  9.940E-01  5.750E-03  3.780E-05  3.470E-06   100537.35  1.160E+09  4.582E+08
 10  12   8  9.970E-01  3.270E-03  4.010E-05  3.330E-06   101437.76  1.120E+09  4.592E+08
 11  13   8  9.930E-01  6.490E-03  4.120E-05  3.310E-06   102313.31  1.070E+09  4.323E+08
 12  15   8  9.930E-01  6.830E-03  4.400E-05  3.100E-06   103170.94  1.030E+09  5.160E+08
 13  16   8  9.930E-01  6.650E-03  4.390E-05  3.140E-06   104001.44  9.930E+08  5.005E+08
 14  18   8  9.680E-01  3.200E-02  4.930E-05  2.810E-06   104819.97  9.640E+08  4.714E+08
 15  19   8  9.930E-01  6.810E-03  4.610E-05  2.940E-06   105603.94  9.230E+08  5.067E+08
 16  20   8  5.660E-01  4.340E-01  5.230E-05  5.890E-06   106341.38  9.810E+08  2.855E+08
 17  22   8  9.920E-01  7.510E-03  4.800E-05  2.740E-06   107123.20  8.620E+08  5.000E+08
 18  23   8  9.480E-01  5.240E-02  4.550E-05  3.330E-06   107842.89  8.420E+08  4.698E+08
 19  25   8  9.900E-01  9.930E-03  4.970E-05  2.530E-06   108561.77  8.090E+08  4.757E+08
 20  26   8  9.780E-01  2.240E-02  4.690E-05  2.820E-06   109244.13  7.850E+08  4.671E+08
 21  28   8  9.810E-01  1.850E-02  5.170E-05  2.330E-06   109922.53  7.650E+08  4.575E+08
 22  29   8  9.850E-01  1.500E-02  4.770E-05  2.520E-06   110565.59  7.380E+08  4.612E+08
 23  31   8  9.380E-01  6.190E-02  5.640E-05  2.330E-06   111210.03  7.410E+08  4.320E+08
 24  32   8  9.870E-01  1.260E-02  4.820E-05  2.280E-06   111810.68  6.990E+08  4.550E+08
 25  35   8  5.690E-01  4.310E-01  7.660E-05  5.100E-06   112444.26  8.570E+08  2.562E+08
 26  36   8  9.870E-01  1.270E-02  4.830E-05  2.080E-06   112981.13  6.660E+08  4.442E+08
 27  37   8  8.880E-01  1.120E-01  4.470E-05  3.430E-06   113523.28  6.870E+08  3.991E+08
 28  40   8  9.840E-01  1.550E-02  4.820E-05  1.890E-06   114077.63  6.400E+08  4.320E+08
 29  41   8  9.550E-01  4.520E-02  4.360E-05  2.460E-06   114587.76  6.370E+08  4.185E+08
 30  45   8  9.770E-01  2.270E-02  4.810E-05  1.740E-06   115099.29  6.220E+08  4.286E+08
 31  46   8  9.710E-01  2.910E-02  4.260E-05  2.020E-06   115571.72  6.130E+08  4.316E+08
 32  48   8  9.630E-01  3.730E-02  4.850E-05  1.660E-06   116042.52  6.160E+08  4.429E+08
 33  50   8  9.760E-01  2.390E-02  4.120E-05  1.790E-06   116472.42  6.030E+08  4.565E+08
 34  53   8  9.400E-01  6.030E-02  5.170E-05  1.640E-06   116898.48  6.250E+08  4.538E+08
 35  54   8  9.780E-01  2.240E-02  4.200E-05  1.530E-06   117278.11  6.080E+08  4.815E+08
 36  57   8  9.150E-01  8.450E-02  7.200E-05  1.600E-06   117648.06  6.530E+08  5.224E+08
 37  58   8  9.780E-01  2.150E-02  7.880E-05  1.270E-06   117962.32  6.410E+08  5.448E+08
 38  61   8  8.740E-01  1.250E-01  3.660E-04  6.660E-06   118251.69  7.320E+08  6.237E+08
 39  63   8  9.830E-01  1.610E-02  1.180E-03  1.050E-06   118465.03  7.610E+08  7.024E+08
 40  65   8  8.690E-01  3.050E-02  1.000E-01  9.390E-05   118607.07  8.870E+08  8.453E+08
 41  68   8  6.320E-01  3.040E-01  6.310E-02  1.760E-04   118666.58  1.130E+09  1.067E+09
  0   1   9  9.990E-01  4.780E-04  3.950E-06  5.390E-06    91654.27  1.800E+09  8.460E+00
  1   2   9  9.990E-01  6.300E-04  9.630E-06  5.220E-06    92751.24  1.690E+09  4.073E+02
  2   3   9  9.990E-01  7.920E-04  1.470E-05  5.070E-06    93826.21  1.600E+09  1.384E+04
  3   4   9  9.990E-01  9.650E-04  1.910E-05  4.920E-06    94878.86  1.520E+09  2.873E+05
  4   5   9  9.990E-01  1.150E-03  2.310E-05  4.790E-06    95908.97  1.450E+09  2.001E+06
  5   6   9  9.990E-01  1.360E-03  2.670E-05  4.660E-06    96916.36  1.380E+09  1.753E+07
  6   7   9  9.980E-01  1.590E-03  2.980E-05  4.530E-06    97900.94  1.320E+09  7.194E+07
  7   8   9  9.980E-01  1.890E-03  3.260E-05  4.410E-06    98862.70  1.260E+09  1.890E+08
  8   9   9  9.980E-01  2.330E-03  3.500E-05  4.300E-06    99801.66  1.210E+09  3.872E+08
  9  10   9  9.960E-01  3.970E-03  3.700E-05  4.200E-06   100717.69  1.160E+09  4.907E+08
 10  12   9  9.960E-01  4.490E-03  3.940E-05  4.030E-06   101612.92  1.110E+09  4.595E+08
 11  13   9  9.950E-01  5.210E-03  4.040E-05  3.990E-06   102483.48  1.070E+09  4.890E+08
 12  15   9  9.760E-01  2.400E-02  4.520E-05  3.680E-06   103338.32  1.030E+09  5.129E+08
 13  16   9  9.940E-01  6.000E-03  4.310E-05  3.780E-06   104162.10  9.870E+08  5.014E+08
 14  17   9  6.380E-01  3.620E-01  5.610E-05  5.320E-06   104944.11  1.010E+09  3.282E+08
 15  19   9  9.930E-01  6.980E-03  4.540E-05  3.540E-06   105755.76  9.180E+08  5.067E+08
 16  20   9  9.560E-01  4.360E-02  4.430E-05  3.920E-06   106513.35  8.910E+08  4.829E+08
 17  22   9  9.900E-01  9.410E-03  4.760E-05  3.290E-06   107266.96  8.580E+08  4.976E+08
 18  23   9  9.790E-01  2.070E-02  4.550E-05  3.510E-06   107985.44  8.310E+08  4.820E+08
 19  25   9  9.820E-01  1.810E-02  5.040E-05  3.040E-06   108698.66  8.080E+08  4.735E+08
 20  26   9  9.850E-01  1.470E-02  4.660E-05  3.210E-06   109376.57  7.790E+08  4.705E+08
 21  28   9  9.330E-01  6.670E-02  5.720E-05  2.960E-06   110056.21  7.800E+08  4.376E+08
 22  29   9  9.870E-01  1.270E-02  4.740E-05  2.940E-06   110690.00  7.350E+08  4.638E+08
 23  30   9  5.360E-01  4.630E-01  6.110E-05  7.320E-06   111276.22  8.710E+08  2.535E+08
 24  32   9  9.870E-01  1.320E-02  4.810E-05  2.690E-06   111927.88  6.970E+08  4.537E+08
 25  34   9  9.120E-01  8.760E-02  4.500E-05  3.710E-06   112504.51  7.030E+08  4.162E+08
 26  36   9  9.830E-01  1.710E-02  4.880E-05  2.470E-06   113091.76  6.660E+08  4.402E+08
 27  37   9  9.620E-01  3.750E-02  4.420E-05  2.900E-06   113635.59  6.560E+08  4.290E+08
 28  40   9  9.710E-01  2.860E-02  5.020E-05  2.300E-06   114182.41  6.450E+08  4.257E+08
 29  41   9  9.750E-01  2.490E-02  4.370E-05  2.500E-06   114688.96  6.270E+08  4.270E+08
 30  44   9  9.380E-01  6.230E-02  5.410E-05  2.310E-06   115199.43  6.410E+08  4.243E+08
 31  46   9  9.790E-01  2.080E-02  4.270E-05  2.220E-06   115664.63  6.090E+08  4.403E+08
 32  48   9  8.420E-01  1.580E-01  6.700E-05  2.790E-06   116140.24  6.760E+08  4.198E+08
 33  50   9  9.800E-01  1.990E-02  4.150E-05  1.970E-06   116557.09  6.010E+08  4.604E+08
 34  53   9  6.590E-01  3.410E-01  1.070E-04  4.030E-06   116995.39  7.650E+08  4.651E+08
 35  54   9  9.800E-01  2.040E-02  4.330E-05  1.730E-06   117353.24  6.080E+08  4.834E+08
 36  56   9  5.330E-01  4.670E-01  1.900E-04  5.700E-06   117677.92  8.250E+08  6.163E+08
 37  58   9  9.790E-01  2.070E-02  9.220E-05  1.430E-06   118024.47  6.460E+08  5.543E+08
 38  59   9  7.540E-01  2.450E-01  5.640E-04  3.230E-06   118281.65  7.800E+08  6.700E+08
 39  62   9  9.790E-01  1.950E-02  1.660E-03  3.750E-06   118505.73  7.860E+08  7.310E+08
 40  64   9  9.610E-01  1.280E-02  1.480E-02  1.100E-02   118630.78  9.750E+08  9.467E+08
 41  66   9  9.810E-01  1.170E-02  7.520E-03  3.500E-05   118670.05  1.200E+09  1.195E+09
  0   1  10  9.990E-01  5.350E-04  3.850E-06  6.320E-06    91915.99  1.780E+09  1.102E+01
  1   2  10  9.990E-01  7.070E-04  9.330E-06  6.150E-06    93003.57  1.680E+09  7.560E+02
  2   3  10  9.990E-01  8.870E-04  1.420E-05  5.980E-06    94070.05  1.590E+09  1.654E+04
  3   4  10  9.990E-01  1.080E-03  1.860E-05  5.820E-06    95114.89  1.510E+09  3.700E+05
  4   5  10  9.990E-01  1.280E-03  2.240E-05  5.670E-06    96137.67  1.430E+09  2.803E+06
  5   6  10  9.980E-01  1.510E-03  2.590E-05  5.520E-06    97138.14  1.370E+09  1.850E+07
  6   7  10  9.980E-01  1.760E-03  2.900E-05  5.380E-06    98116.14  1.310E+09  8.423E+07
  7   8  10  9.980E-01  2.060E-03  3.170E-05  5.240E-06    99071.60  1.250E+09  2.050E+08
  8   9  10  9.980E-01  2.490E-03  3.400E-05  5.100E-06   100004.52  1.200E+09  3.912E+08
  9  10  10  9.970E-01  3.500E-03  3.600E-05  4.980E-06   100914.86  1.150E+09  4.772E+08
 10  12  10  9.850E-01  1.500E-02  3.990E-05  4.710E-06   101805.57  1.100E+09  4.422E+08
 11  13  10  9.950E-01  4.710E-03  3.940E-05  4.730E-06   102669.67  1.060E+09  4.781E+08
 12  14  10  8.250E-01  1.750E-01  4.940E-05  4.950E-06   103502.30  1.030E+09  4.305E+08
 13  16  10  9.940E-01  5.930E-03  4.230E-05  4.450E-06   104338.05  9.800E+08  4.920E+08
 14  17  10  9.710E-01  2.860E-02  4.240E-05  4.580E-06   105134.93  9.470E+08  4.905E+08
 15  19  10  9.920E-01  8.350E-03  4.500E-05  4.160E-06   105922.33  9.130E+08  5.058E+08
 16  20  10  9.830E-01  1.680E-02  4.370E-05  4.270E-06   106677.95  8.810E+08  4.898E+08
 17  22  10  9.830E-01  1.710E-02  4.840E-05  3.850E-06   107425.50  8.560E+08  4.913E+08
 18  23  10  9.870E-01  1.320E-02  4.510E-05  3.970E-06   108139.13  8.240E+08  4.812E+08
 19  25  10  9.240E-01  7.630E-02  5.820E-05  3.690E-06   108853.88  8.250E+08  4.422E+08
 20  26  10  9.880E-01  1.210E-02  4.620E-05  3.690E-06   109521.19  7.750E+08  4.720E+08
 21  27  10  6.630E-01  3.370E-01  6.060E-05  6.560E-06   110150.80  8.520E+08  3.178E+08
 22  29  10  9.870E-01  1.310E-02  4.740E-05  3.410E-06   110826.45  7.320E+08  4.634E+08
 23  30  10  9.340E-01  6.560E-02  4.500E-05  4.100E-06   111438.00  7.260E+08  4.341E+08
 24  32  10  9.820E-01  1.810E-02  4.890E-05  3.140E-06   112057.02  6.960E+08  4.496E+08
 25  33  10  9.690E-01  3.120E-02  4.430E-05  3.460E-06   112634.11  6.800E+08  4.386E+08
 26  36  10  9.650E-01  3.550E-02  5.210E-05  2.950E-06   113214.92  6.730E+08  4.300E+08
 27  37  10  9.780E-01  2.190E-02  4.420E-05  3.080E-06   113753.90  6.480E+08  4.342E+08
 28  40  10  8.920E-01  1.080E-01  6.260E-05  3.140E-06   114303.23  6.810E+08  3.902E+08
 29  41  10  9.810E-01  1.920E-02  4.380E-05  2.770E-06   114798.62  6.240E+08  4.312E+08
 30  43  10  5.850E-01  4.150E-01  1.030E-04  5.780E-06   115330.78  8.060E+08  3.087E+08
 31  46  10  9.800E-01  1.950E-02  4.320E-05  2.500E-06   115766.06  6.080E+08  4.444E+08
 32  47  10  7.760E-01  2.240E-01  6.020E-05  4.650E-06   116196.63  6.910E+08  4.105E+08
 33  49  10  9.780E-01  2.190E-02  4.280E-05  2.250E-06   116649.77  6.030E+08  4.577E+08
 34  51  10  8.800E-01  1.200E-01  5.480E-05  3.310E-06   117041.64  6.450E+08  4.805E+08
 35  54  10  9.750E-01  2.540E-02  4.730E-05  1.990E-06   117435.40  6.140E+08  4.875E+08
 36  55  10  9.160E-01  8.410E-02  7.670E-05  2.560E-06   117772.01  6.500E+08  5.233E+08
 37  58  10  9.710E-01  2.930E-02  1.190E-04  1.640E-06   118091.93  6.570E+08  5.644E+08
 38  59  10  9.520E-01  4.730E-02  4.220E-04  1.710E-06   118345.60  7.120E+08  6.337E+08
 39  61  10  9.440E-01  5.310E-02  2.790E-03  2.310E-06   118548.80  8.300E+08  7.711E+08
 40  63  10  9.770E-01  1.060E-02  1.240E-02  3.490E-05   118651.84  1.050E+09  1.031E+09
