   0         1.002500000         1.002500000         1.002500000         1.002500000
   1         0.931231105         0.927052431         0.952670303         0.945345209
   2         0.865371715         0.855265097         0.902383292         0.891374689
   3         0.803476526         0.788746320         0.854982435         0.829799716
   4         0.751848806         0.725425375         0.814264800         0.781233876
   5         0.706102372         0.653625624         0.784877786         0.737840002
   6         0.659739013         0.584311801         0.762177724         0.699972333
   7         0.612384710         0.519020879         0.748851168         0.658634362
   8         0.570922039         0.447692722         0.735118851         0.618040256
   9         0.531662172         0.390520737         0.721860258         0.592410117
  10         0.492615513         0.325174555         0.705140118         0.562314104
  11         0.457194385         0.265680395         0.687041807         0.540276573
  12         0.421824754         0.208412584         0.665867562         0.518088180
  13         0.405015138         0.147707915         0.644652890         0.490622982
  14         0.394366670         0.101505846         0.623301523         0.461693820
  15         0.370459381         0.054330117         0.596973329         0.430794366
  16         0.352750869         0.030922178         0.573764417         0.405847176
  17         0.344345116         0.007376304         0.554488251         0.383670334
  18         0.348957155        -0.017111343         0.546447063         0.367225384
  19         0.364917902        -0.035428093         0.542235380         0.358936204
  20         0.375879576        -0.053553174         0.530827188         0.350852115
  21         0.375744610        -0.080257935         0.520782260         0.349977246
  22         0.377184870        -0.101055898         0.509799653         0.348565765
  23         0.374449906        -0.122106555         0.499762272         0.344140556
  24         0.373431856        -0.141693942         0.491552993         0.334971460
  25         0.372260111        -0.160781238         0.488003579         0.333203007
  26         0.369259675        -0.162936303         0.482985913         0.337059437
  27         0.361809479        -0.159828269         0.476173290         0.343282860
  28         0.354296608        -0.138935189         0.466817025         0.352118874
  29         0.336049113        -0.114793079         0.454823364         0.349752288
  30         0.322281686        -0.082281035         0.446338844         0.346939135
  31         0.304354421        -0.050969806         0.433949897         0.345083055
  32         0.298805141        -0.030699054         0.426776150         0.331579056
  33         0.301385434        -0.002680824         0.425404106         0.314273464
  34         0.299092822         0.019714014         0.426255443         0.295371065
  35         0.292284348         0.030595310         0.425266287         0.280052773
  36         0.294982831         0.040141571         0.430118033         0.263964887
  37         0.296760728         0.058440353         0.433822654         0.253813846
  38         0.304498527         0.073056887         0.439499468         0.246830430
  39         0.312737134         0.085791621         0.445984673         0.237386232
  40         0.320020083         0.101293533         0.449251671         0.235864301
  41         0.330236978         0.100019324         0.459727076         0.232371324
  42         0.344813012         0.098476779         0.472491757         0.231995876
  43         0.357968154         0.091356269         0.482837300         0.222983772
  44         0.361575727         0.084080500         0.483397571         0.217224231
  45         0.363347086         0.075233597         0.479145788         0.204772701
  46         0.366848345         0.080024441         0.481010072         0.199802107
  47         0.374751250         0.081369281         0.478534153         0.192714912
  48         0.372188671         0.078019615         0.474445786         0.190910059
  49         0.359378678         0.079591453         0.469131990         0.187881844
  50         0.338776634         0.085414292         0.460780510         0.193684035
  51         0.315403292         0.093671649         0.450850299         0.190021600
  52         0.295227995         0.092884262         0.449710451         0.186059602
  53         0.269458007         0.097710101         0.449602179         0.182327858
  54         0.239530817         0.093362844         0.449186100         0.174777129
  55         0.216709290         0.088675827         0.455378784         0.165716828
  56         0.198716714         0.087307152         0.453607762         0.153515982
  57         0.175909405         0.075605688         0.450303010         0.138564718
  58         0.156961947         0.056435754         0.442261253         0.124227323
  59         0.137655636         0.040869609         0.431089863         0.109841025
  60         0.129048391         0.034929453         0.422607110         0.089630639
  61         0.119007019         0.016894150         0.409919882         0.068112637
  62         0.107322200        -0.000889805         0.398691967         0.043772566
  63         0.095832466        -0.014275632         0.388033055         0.032361863
  64         0.081702652        -0.024336518         0.381407260         0.023594319
  65         0.076282578        -0.033728582         0.373854254         0.013315799
  66         0.073296451        -0.041776412         0.364152313         0.009420345
  67         0.064081625        -0.045992592         0.357893065         0.011486605
  68         0.051587235        -0.051756844         0.352685790         0.015814421
  69         0.052603842        -0.054021917         0.347044382         0.025312593
  70         0.045258694        -0.054786446         0.337173047         0.025802598
  71         0.038455323        -0.059652162         0.325525242         0.020887913
  72         0.037642225        -0.069717872         0.313062222         0.014895825
  73         0.038178280        -0.084977970         0.301041509         0.016021212
  74         0.038695817        -0.099391794         0.283041796         0.006469359
  75         0.039203312        -0.112244909         0.263013091         0.006758942
  76         0.030740334        -0.126622314         0.243869194         0.007909682
  77         0.014827736        -0.147918565         0.223797392         0.008088490
  78         0.007121046        -0.175962826         0.211831883         0.017454991
  79         0.005136796        -0.197550840         0.204237823         0.027160894
  80         0.011319883        -0.216216302         0.205664367         0.045412817
  81         0.004799783        -0.237187601         0.202485642         0.060235038
  82        -0.002008535        -0.263909510         0.200995791         0.066950378
  83        -0.003948237        -0.274127257         0.197038959         0.059800558
  84        -0.004279439        -0.283444805         0.193190239         0.047008333
  85         0.003815454        -0.287325633         0.190610128         0.024760206
  86         0.002297553        -0.284968183         0.187156678         0.001716740
  87        -0.001930843        -0.284881719         0.178596132        -0.023187964
  88        -0.000347452        -0.279977150         0.170848916        -0.049184075
  89         0.002043685        -0.278724179         0.167220988        -0.073108039
  90        -0.007839113        -0.272924223         0.163419995        -0.094081493
  91        -0.018466454        -0.274576908         0.158588747        -0.117672965
  92        -0.029904664        -0.271600392         0.155184254        -0.135630764
  93        -0.032617189        -0.262789053         0.154548425        -0.154178892
  94        -0.033934813        -0.251977576         0.158771235        -0.167846797
  95        -0.038212525        -0.231690271         0.163242776        -0.174569897
  96        -0.046081147        -0.208488195         0.167002419        -0.178288704
  97        -0.054797936        -0.167598242         0.171341209        -0.177146527
  98        -0.060715665        -0.138112353         0.177230875        -0.175760953
  99        -0.061801990        -0.106631013         0.181703386        -0.174761286
 100        -0.071223868        -0.078862919         0.178213405        -0.178441565
 101        -0.073062810        -0.054984032         0.180134949        -0.180731743
 102        -0.080054305        -0.026216887         0.177532318        -0.184355661
 103        -0.086107223        -0.004231150         0.177672644        -0.184617070
 104        -0.095009191         0.025208349         0.171011860        -0.178573339
 105        -0.108091967         0.053386614         0.161241903        -0.173502519
 106        -0.125191274         0.091335723         0.148652775        -0.168424518
 107        -0.136840004         0.123445988         0.138858360        -0.155517749
 108        -0.132742976         0.135776515         0.138010916        -0.142842738
 109        -0.138843542         0.151457513         0.127453988        -0.122250534
 110        -0.139656420         0.160934705         0.119841550        -0.107218689
 111        -0.147544685         0.165878649         0.107369649        -0.085684583
 112        -0.142969453         0.152571272         0.095576749        -0.079965407
 113        -0.147213105         0.146446268         0.081986597        -0.075650887
 114        -0.156707682         0.146821069         0.063792829        -0.075344269
 115        -0.168471137         0.138863185         0.045030945        -0.078449757
 116        -0.179676439         0.138045930         0.026372674        -0.084126318
 117        -0.188397066         0.131999166         0.010085350        -0.090652968
 118        -0.196223206         0.128182851        -0.006319608        -0.090330217
 119        -0.199264329         0.114105365        -0.016549361        -0.092049582
 120        -0.215661933         0.097752208        -0.031698421        -0.094847004
 121        -0.222024819         0.073784284        -0.042021562        -0.099939233
 122        -0.226764113         0.033172344        -0.050347961        -0.106647051
 123        -0.229589545         0.005547933        -0.058751678        -0.110725708
 124        -0.235492582        -0.025046923        -0.069798213        -0.118350426
 125        -0.243745553        -0.050259984        -0.083292014        -0.126790938
 126        -0.249092784        -0.069965517        -0.093958969        -0.130981161
 127        -0.244626301        -0.086151279        -0.095513333        -0.132781417
 128        -0.242087073        -0.108549846        -0.091333646        -0.134885299
 129        -0.242314761        -0.126702324        -0.086625191        -0.139444971
 130        -0.249017926        -0.132885402        -0.086544077        -0.138367277
 131        -0.258738548        -0.153920777        -0.092379118        -0.141519557
 132        -0.259311926        -0.163566252        -0.093725140        -0.139363299
 133        -0.264580981        -0.170185846        -0.099817520        -0.136685702
 134        -0.265650695        -0.171791255        -0.110262165        -0.137324206
 135        -0.266781335        -0.165780554        -0.116969524        -0.142876544
 136        -0.264942991        -0.148406317        -0.117496364        -0.144594395
 137        -0.264781653        -0.128976526        -0.114082878        -0.149357436
 138        -0.259110453        -0.106668594        -0.107206360        -0.151353353
 139        -0.262310895        -0.077912281        -0.100094469        -0.138752615
 140        -0.261199086        -0.050088197        -0.094003603        -0.129926126
 141        -0.254478641        -0.026101554        -0.091356514        -0.127242859
 142        -0.246036904        -0.011591456        -0.090908051        -0.129177132
 143        -0.248108906         0.005660837        -0.098560920        -0.135976547
 144        -0.252259760         0.027954248        -0.106125461        -0.138583251
 145        -0.253306473         0.043988456        -0.115494984        -0.138761270
 146        -0.252824790         0.058553919        -0.121542473        -0.139056018
 147        -0.254613870         0.064465341        -0.125139308        -0.145481383
 148        -0.254706767         0.067674753        -0.129218721        -0.152674052
 149        -0.253864126         0.075887067        -0.124966330        -0.156438098
 150        -0.252377518         0.093619156        -0.120215802        -0.154397257
 151        -0.251129983         0.101522676        -0.111820840        -0.143499989
 152        -0.255304397         0.103020323        -0.109745147        -0.139191389
 153        -0.266301259         0.107390283        -0.113720168        -0.130768340
 154        -0.270791394         0.107856995        -0.121489058        -0.124249515
 155        -0.275502168         0.103183762        -0.131190310        -0.122939859
 156        -0.280213366         0.100939649        -0.141755268        -0.127771392
 157        -0.279279224         0.111770922        -0.149916591        -0.126984955
 158        -0.280990047         0.125907118        -0.153822748        -0.125310662
 159        -0.282285725         0.121684328        -0.154986283        -0.121648300
 160        -0.275859382         0.117768560        -0.151144648        -0.113917728
 161        -0.271035960         0.110034172        -0.148080773        -0.105829200
 162        -0.268922598         0.098739758        -0.148663671        -0.092787532
 163        -0.270736439         0.086334586        -0.147770590        -0.083042263
 164        -0.269959548         0.072733210        -0.154892925        -0.070773761
 165        -0.277031955         0.048745346        -0.160339071        -0.059598476
 166        -0.285090012         0.028023199        -0.165791883        -0.046110923
 167        -0.298409121         0.017990071        -0.173952708        -0.033688213
 168        -0.302148597        -0.000954226        -0.181306346        -0.026717902
 169        -0.312202724        -0.017808011        -0.192623248        -0.033079580
 170        -0.316333655        -0.034172198        -0.199175398        -0.041139250
 171        -0.318479323        -0.054872926        -0.205335067        -0.046504215
 172        -0.321869340        -0.067655115        -0.211724457        -0.050748733
 173        -0.327285353        -0.074337318        -0.220748924        -0.057448119
 174        -0.328206230        -0.058251234        -0.229185530        -0.056367751
 175        -0.331630627        -0.048131618        -0.237149045        -0.061643612
 176        -0.332428129        -0.039799327        -0.240347045        -0.062496504
 177        -0.334524609        -0.030364442        -0.248096435        -0.058659411
 178        -0.340404883        -0.016772972        -0.261662387        -0.054569517
 179        -0.338621569        -0.007945952        -0.273335050        -0.051591285
 180        -0.341082288         0.003319669        -0.285347350        -0.052470991
 181        -0.332677511         0.018914419        -0.286527832        -0.055134298
 182        -0.326242837         0.023825814        -0.291809985        -0.057339622
 183        -0.320191593         0.030671130        -0.295148780        -0.063129114
 184        -0.304912550         0.034087288        -0.296112777        -0.068630479
 185        -0.291005067         0.041625665        -0.299502375        -0.076279140
 186        -0.276451677         0.053402346        -0.304113069        -0.083644901
 187        -0.259963286         0.059518346        -0.301768321        -0.088043135
 188        -0.239003270         0.051843648        -0.295185496        -0.089019746
 189        -0.227928964         0.045571809        -0.292175066        -0.086584396
 190        -0.215769288         0.044143848        -0.292245019        -0.082278431
 191        -0.209218641         0.043029203        -0.294769139        -0.079301876
 192        -0.202358567         0.040885785        -0.294896818        -0.079544586
 193        -0.202869953         0.031483959        -0.296878934        -0.082133165
 194        -0.203517150         0.026385121        -0.296105322        -0.081939867
 195        -0.206552584         0.027148466        -0.295626313        -0.084438981
 196        -0.216930245         0.030149894        -0.293976309        -0.086840483
 197        -0.224397035         0.035616802        -0.293002740        -0.090221806
 198        -0.233132533         0.040063233        -0.297444067        -0.096072187
 199        -0.241344462         0.036885226        -0.299300228        -0.100829857
 200        -0.246943194         0.034704194        -0.299634019        -0.105243535
