   4         5.849906152         5.543772146         5.610920439         5.528945031
   5         4.902817122         4.532034729         4.931001507         4.677918458
   6         5.051918898         4.562562497         5.081507670         4.674722718
   7         4.329578606         4.086655950         4.526593767         4.092929456
   8         4.195510376         4.106224073         4.422465762         3.982995219
   9         3.712728185         3.663824191         3.904874428         3.559966881
  10         3.648288647         3.626809418         3.778191042         3.489941621
  11         3.323637641         3.316583755         3.493420074         3.205175515
  12         3.258801004         3.319847049         3.452027581         3.247434460
  13         2.997677944         3.050195277         3.246595778         3.014723514
  14         3.022874365         3.014036653         3.226731845         3.052027808
  15         2.868565129         2.823901633         3.055900392         2.824723692
  16         2.914832223         2.845019346         3.098352641         2.816793455
  17         2.764778079         2.697293950         2.944265541         2.658055659
  18         2.776980550         2.712105093         2.919223716         2.674370616
  19         2.656989439         2.580060149         2.773682145         2.566695131
  20         2.713072470         2.566192110         2.760668797         2.582418096
  21         2.594035786         2.448726085         2.627924591         2.471363406
  22         2.598983834         2.456273361         2.626978730         2.488169404
  23         2.476402695         2.354721475         2.514549337         2.396782983
  24         2.469991968         2.351704327         2.474321793         2.399934138
  25         2.370272419         2.256204140         2.363089497         2.318710070
  26         2.363047937         2.260336439         2.352491604         2.337202371
  27         2.282315725         2.180049004         2.279115259         2.272330052
  28         2.279541667         2.177941724         2.263180338         2.293233856
  29         2.209612146         2.107648982         2.202327512         2.228984579
  30         2.209567581         2.117437047         2.196989433         2.243077102
  31         2.151728763         2.069301924         2.143029596         2.177312573
  32         2.159032605         2.089302757         2.147416145         2.172476302
  33         2.112825052         2.038325885         2.103758821         2.114174423
  34         2.128255603         2.050491688         2.119802936         2.108355492
  35         2.092658590         1.997215916         2.085392355         2.056361787
  36         2.112304184         2.003232522         2.099819810         2.051006574
  37         2.071238554         1.955645031         2.062002497         2.001551563
  38         2.075893525         1.960868713         2.071076726         1.998644548
  39         2.032273725         1.920317092         2.029334621         1.957318445
  40         2.035024357         1.924827064         2.037277169         1.957674264
  41         1.995765492         1.883111292         2.005771140         1.919852462
  42         2.001569022         1.881952570         2.018891192         1.920065875
  43         1.965924232         1.841038021         1.987438064         1.885329641
  44         1.973309152         1.840974553         1.999386381         1.887259651
  45         1.939690192         1.807054961         1.971486456         1.859813435
  46         1.942128361         1.810099293         1.980920988         1.862611565
  47         1.913306580         1.780309053         1.955674594         1.833294489
  48         1.921755297         1.783750263         1.968675376         1.836551923
  49         1.896177636         1.755738064         1.944675675         1.809690152
  50         1.901423009         1.758005273         1.952835892         1.817458706
  51         1.875238563         1.733221964         1.929480791         1.796076663
  52         1.878388387         1.740692881         1.933204840         1.804616287
  53         1.856108818         1.719496557         1.913146395         1.786211821
  54         1.862233966         1.728859497         1.920927539         1.793284095
  55         1.844720172         1.713736024         1.902295266         1.775579184
  56         1.853465117         1.724483525         1.909674082         1.780508182
  57         1.838286317         1.709779955         1.892363771         1.761718980
  58         1.847126183         1.719423358         1.899570733         1.768499039
  59         1.835327388         1.703980967         1.883043860         1.747526784
  60         1.841677761         1.714417138         1.888503137         1.751495781
  61         1.827050052         1.697505679         1.870940977         1.730462521
  62         1.835256346         1.706567837         1.877450611         1.734220106
  63         1.819138646         1.691332300         1.859304908         1.715418656
  64         1.825455775         1.703307985         1.864597498         1.720771426
  65         1.809318292         1.687702181         1.848309938         1.704621213
  66         1.817924067         1.698731158         1.854715918         1.712503451
  67         1.800533440         1.683465260         1.838238024         1.697730354
  68         1.807013834         1.693592083         1.842809633         1.702786052
  69         1.790952375         1.680015542         1.825376276         1.685998273
  70         1.795854155         1.689394257         1.826768382         1.688830304
  71         1.778726778         1.676738192         1.808086119         1.673478954
  72         1.781638578         1.683080699         1.808017596         1.675469896
  73         1.764810150         1.668956981         1.788066882         1.658395105
  74         1.767700524         1.675463028         1.787031340         1.660911511
  75         1.751631871         1.660596222         1.768680341         1.645370829
  76         1.756547173         1.661523987         1.770172239         1.648491820
  77         1.742488723         1.645139901         1.754823569         1.632260267
  78         1.747122820         1.645856393         1.759227336         1.635100859
  79         1.732831602         1.628555801         1.744765165         1.620055682
  80         1.733200065         1.628057503         1.746318274         1.619876482
  81         1.719367675         1.612860600         1.732210384         1.606610271
  82         1.720774768         1.612530019         1.734250216         1.609471722
  83         1.706197014         1.599305349         1.719848138         1.597990434
  84         1.706037977         1.600461280         1.720283759         1.600992132
  85         1.690429206         1.588286982         1.706232128         1.589336474
  86         1.689202355         1.589167966         1.707792849         1.590734798
  87         1.674344674         1.576791919         1.693696979         1.579743821
  88         1.672760313         1.576841172         1.693522461         1.582386011
  89         1.657995504         1.566198733         1.678395631         1.573476977
  90         1.655190792         1.568926785         1.678188939         1.577164885
  91         1.640051061         1.557886574         1.663361755         1.569055958
  92         1.637010260         1.558955162         1.661206496         1.571507047
  93         1.624180305         1.547063046         1.647443156         1.561745107
  94         1.622689349         1.547162948         1.646379656         1.562127081
  95         1.609555375         1.536454774         1.632749740         1.552678757
  96         1.607276057         1.536890730         1.631524642         1.553071646
  97         1.596068915         1.526893676         1.619500420         1.544918357
  98         1.594592081         1.528076095         1.618080772         1.544770761
  99         1.584396955         1.518333699         1.607014937         1.535799119
 100         1.584742197         1.519841597         1.607266861         1.538112829
 101         1.575109680         1.511615923         1.597281414         1.530258439
 102         1.574365339         1.513922174         1.596626829         1.532068798
 103         1.565122664         1.505902073         1.586401024         1.524474100
 104         1.565297767         1.508261759         1.586506837         1.526388573
 105         1.556535420         1.500967607         1.577415005         1.518039314
 106         1.557057238         1.503994426         1.576950864         1.519954944
 107         1.548631263         1.497828623         1.566908556         1.512161437
 108         1.549028115         1.501032632         1.566797731         1.514804002
 109         1.540297345         1.495035143         1.556901336         1.507196251
 110         1.541333188         1.497888449         1.557477748         1.508260919
 111         1.533822166         1.492023900         1.548515218         1.500061946
 112         1.534233488         1.494357009         1.549642015         1.500038960
 113         1.527063876         1.488050665         1.540322711         1.491429045
 114         1.527160225         1.490495657         1.539513899         1.490531916
 115         1.519906573         1.484410938         1.529974567         1.482245191
 116         1.520284094         1.486650614         1.529247187         1.482055225
 117         1.513297563         1.479804443         1.520584465         1.474141590
 118         1.513478203         1.480790452         1.520339477         1.473467238
 119         1.506690276         1.474172448         1.512515136         1.465830591
 120         1.507033560         1.475177285         1.513113359         1.465593002
 121         1.500055858         1.468199276         1.506339007         1.457688256
 122         1.500408679         1.469479204         1.508072877         1.457916774
 123         1.493707007         1.463253330         1.500696120         1.450736073
 124         1.494839200         1.464356752         1.502567549         1.450549962
 125         1.488512212         1.458189297         1.496453722         1.443826040
 126         1.489499349         1.460201778         1.499239755         1.443324249
 127         1.483509763         1.455240615         1.492928860         1.437139087
 128         1.485032294         1.456800579         1.495045714         1.437437290
 129         1.479087065         1.451210985         1.488711258         1.431606041
 130         1.480219714         1.452956848         1.491084132         1.432489656
 131         1.473634886         1.447742667         1.484954589         1.427049087
 132         1.475158379         1.450390707         1.487496532         1.428271078
 133         1.468870621         1.445286794         1.481230477         1.422987638
 134         1.469848198         1.448093152         1.482517618         1.424510554
 135         1.464182519         1.442590535         1.476914008         1.419666986
 136         1.466433865         1.444366725         1.479243862         1.420872493
 137         1.460318029         1.437496333         1.473543120         1.415648384
 138         1.461662275         1.438669437         1.474959445         1.416968321
 139         1.455655276         1.432272274         1.469755304         1.412144739
 140         1.456670595         1.433517327         1.471653616         1.412928003
 141         1.450309784         1.427238164         1.466294762         1.407922982
 142         1.450897469         1.428379011         1.468363331         1.409160443
 143         1.445146032         1.422620431         1.463630625         1.405056478
 144         1.446199305         1.423619713         1.465811323         1.407347802
 145         1.441401433         1.417943624         1.461566321         1.403927067
 146         1.442579638         1.419043086         1.463091348         1.405631456
 147         1.438422878         1.413610363         1.458829987         1.401458717
 148         1.439824400         1.414190491         1.460277882         1.402616832
 149         1.435033284         1.408887148         1.455224028         1.398803839
 150         1.436239230         1.408771246         1.456082986         1.400089004
 151         1.431601630         1.402975051         1.450928674         1.396074122
 152         1.432328028         1.402283705         1.451781930         1.397795086
 153         1.427191153         1.396768979         1.446629859         1.393666087
 154         1.428152937         1.396311541         1.447761509         1.394076325
 155         1.423910117         1.390747048         1.443285221         1.389307741
 156         1.425874211         1.390037827         1.445339215         1.390038981
 157         1.421688174         1.384994212         1.441400003         1.386346312
 158         1.422620195         1.384614154         1.443206750         1.386966160
 159         1.418186788         1.379840713         1.438860875         1.383565157
 160         1.419283382         1.379396982         1.439796178         1.384522714
 161         1.414722222         1.374822833         1.434999366         1.380829369
 162         1.415558254         1.374125792         1.434704184         1.381422798
 163         1.411017967         1.369348747         1.429503980         1.377681460
 164         1.411421315         1.368568188         1.428952188         1.379059163
 165         1.407187760         1.363861592         1.424222865         1.375494472
 166         1.406822804         1.363012851         1.423707795         1.377013039
 167         1.402341449         1.358419398         1.418976088         1.372883595
 168         1.401909045         1.357413849         1.418624574         1.373785287
 169         1.397264934         1.353196068         1.413895029         1.370423520
 170         1.396469947         1.352854754         1.413789059         1.371640905
 171         1.391317892         1.348983248         1.408984589         1.368365845
 172         1.390281605         1.348083197         1.408654179         1.368920738
 173         1.385313947         1.344270687         1.404223772         1.365557721
 174         1.384011373         1.343239477         1.404322814         1.365930953
 175         1.379463166         1.339233794         1.400740697         1.362244728
 176         1.378309184         1.338934604         1.401305249         1.362769718
 177         1.374000599         1.335539579         1.397764353         1.359314617
 178         1.372869536         1.334817776         1.397969663         1.359051207
 179         1.368357520         1.331450293         1.394049240         1.355093899
 180         1.367005670         1.330319748         1.394211173         1.355132145
 181         1.362513648         1.326424010         1.390159736         1.351642403
 182         1.360771587         1.325329150         1.390152877         1.351802786
 183         1.356261888         1.321618607         1.386161511         1.347730856
 184         1.354565289         1.320386573         1.385828257         1.347490816
 185         1.350663534         1.316968760         1.381843907         1.343627096
 186         1.349506874         1.316560250         1.382000810         1.343552382
 187         1.345617147         1.313496074         1.377747855         1.339948776
 188         1.344725051         1.312887370         1.377970059         1.340356850
 189         1.341467600         1.309595576         1.374123212         1.336582565
 190         1.340617130         1.309259989         1.373993886         1.336210074
 191         1.336894273         1.306066564         1.369665904         1.332715433
 192         1.336043905         1.305603688         1.369291706         1.332446966
 193         1.332618752         1.302734079         1.364815640         1.329188724
 194         1.332099513         1.302401902         1.364621252         1.328691136
 195         1.328967157         1.299731804         1.360624869         1.325429612
 196         1.328695004         1.299639376         1.360581196         1.324618725
 197         1.325829234         1.296801959         1.356994158         1.321471452
 198         1.325565844         1.296675231         1.356686959         1.321099112
 199         1.322616469         1.293779761         1.353206690         1.318159498
 200         1.321997022         1.293825358         1.352926393         1.317761167
 201         1.318785163         1.291001327         1.349297240         1.314681367
 202         1.317997340         1.291885818         1.348676500         1.314586325
 203         1.314903021         1.289630153         1.345073590         1.311903652
 204         1.314082853         1.289876423         1.344354437         1.311808026
 205         1.311176864         1.287182332         1.340495565         1.309042432
 206         1.310464005         1.287610494         1.339726306         1.308337689
 207         1.307383667         1.285188017         1.335738427         1.304925992
 208         1.306863592         1.285124109         1.334948598         1.303850818
 209         1.303843099         1.282840647         1.330907924         1.300423836
 210         1.303463209         1.283366755         1.329944474         1.299806058
 211         1.300335820         1.281231448         1.325927732         1.296865112
 212         1.299776958         1.281721003         1.324959640         1.296801059
 213         1.296848886         1.279504219         1.321112013         1.294207485
 214         1.296381879         1.280204824         1.320344642         1.294261840
 215         1.293681963         1.278032304         1.316965735         1.291849890
 216         1.293215152         1.278510698         1.316282571         1.292099520
 217         1.290228467         1.276326472         1.312919583         1.289861082
 218         1.289759670         1.276427218         1.312182110         1.290213219
 219         1.287151882         1.273858799         1.309007027         1.288016908
 220         1.287287916         1.274105644         1.308470090         1.288337498
 221         1.284960990         1.271645132         1.305743646         1.286008927
 222         1.285093656         1.271904049         1.304921742         1.285932371
 223         1.282885283         1.269638114         1.301989857         1.283668004
 224         1.283174622         1.269954462         1.301273515         1.283663083
 225         1.281107816         1.267511969         1.298563808         1.281274869
 226         1.281300721         1.267844970         1.298278536         1.281213659
 227         1.279360119         1.265243659         1.296008784         1.278888626
 228         1.279885420         1.265259670         1.296260906         1.278639916
 229         1.277671806         1.262731594         1.293992565         1.276290425
 230         1.277974679         1.262838703         1.294308986         1.276232752
 231         1.275852063         1.260446945         1.292376303         1.274191278
 232         1.276359053         1.260635562         1.292923384         1.274338920
 233         1.274351154         1.258060681         1.291111487         1.272523751
 234         1.274930040         1.258363814         1.291837683         1.272874498
 235         1.273045349         1.256053464         1.290199590         1.271093384
 236         1.273737983         1.256740125         1.291047378         1.271621839
 237         1.272162962         1.254549633         1.289411974         1.269755212
 238         1.273004068         1.255186911         1.290246180         1.269980061
 239         1.271397638         1.253017093         1.288476557         1.267933290
 240         1.272142218         1.253277404         1.289108894         1.267920681
 241         1.270283756         1.251130794         1.287025906         1.265810158
 242         1.270722556         1.251460098         1.287259569         1.265841823
 243         1.268649207         1.249504254         1.285016243         1.264025147
 244         1.269056501         1.249614255         1.285064398         1.264242599
 245         1.267156513         1.247731127         1.282970214         1.262620452
 246         1.267641067         1.248213877         1.283214305         1.263113147
 247         1.265752634         1.246281243         1.281131568         1.261753231
 248         1.265938163         1.246423902         1.281085705         1.262018142
 249         1.264042914         1.243999230         1.279005640         1.260071565
 250         1.264364836         1.243795190         1.279091559         1.260251651
 251         1.262490411         1.241322355         1.276954506         1.258589708
 252         1.262639231         1.241204942         1.276668918         1.258752096
 253         1.260891732         1.238982980         1.274557949         1.257107680
 254         1.261191535         1.238895432         1.274705678         1.257232646
 255         1.259384766         1.236582384         1.272784767         1.255719662
 256         1.259318872         1.236436416         1.272569219         1.256044276
 257         1.257271346         1.234325972         1.270512155         1.254288617
 258         1.256938517         1.234366513         1.270381190         1.254479498
 259         1.254933326         1.232360301         1.268293423         1.252729296
 260         1.254872099         1.232578009         1.268435103         1.253066169
 261         1.252625968         1.230636610         1.266376669         1.251360817
 262         1.252409752         1.230974694         1.266441028         1.251518667
 263         1.250492111         1.229281570         1.264479129         1.249695361
 264         1.250357921         1.229624722         1.264412414         1.249974379
 265         1.248301812         1.227843780         1.262299988         1.248209319
 266         1.248374048         1.228141273         1.262284995         1.248650790
 267         1.246363861         1.226433668         1.260371201         1.247108794
 268         1.246578537         1.226519597         1.260347674         1.247516606
 269         1.244662494         1.224610949         1.258427528         1.245847839
 270         1.244818447         1.224678775         1.258353192         1.246184600
 271         1.242803753         1.222883010         1.256362517         1.244512921
 272         1.243000374         1.222855811         1.256181772         1.244762991
 273         1.241104572         1.221033507         1.254307312         1.243173661
 274         1.241060427         1.220517713         1.254056973         1.243151453
 275         1.239294420         1.218755549         1.252263518         1.241737853
 276         1.239269041         1.218376674         1.252093527         1.241643446
 277         1.237523769         1.216652142         1.250534577         1.240301690
 278         1.237637551         1.216399418         1.250610472         1.240448903
 279         1.235995173         1.214823696         1.249022736         1.239084091
 280         1.236142473         1.214655760         1.249087466         1.239208515
 281         1.234418029         1.213101779         1.247560605         1.237813022
 282         1.234383232         1.212935678         1.247641044         1.237904560
 283         1.232755470         1.211545964         1.246126612         1.236462854
 284         1.232778475         1.211474789         1.246066427         1.236699421
 285         1.231209578         1.210015182         1.244351939         1.235199367
 286         1.231385632         1.209778935         1.244318929         1.235317015
 287         1.229841614         1.208221016         1.242682057         1.233711061
 288         1.229898281         1.207884662         1.242790387         1.233589743
 289         1.228335220         1.206288894         1.241281490         1.231991172
 290         1.228205659         1.205713552         1.241403513         1.231765043
 291         1.226764836         1.204116829         1.239925216         1.230085785
 292         1.226901886         1.203592675         1.240218099         1.229890801
 293         1.225482879         1.202023457         1.238895858         1.228226959
 294         1.225612580         1.201581445         1.239266598         1.228045783
 295         1.224329184         1.200070076         1.237981196         1.226570545
 296         1.224473217         1.199827952         1.238185675         1.226529513
 297         1.223257140         1.198538526         1.236889515         1.225266697
 298         1.223470190         1.198232002         1.237082996         1.225474791
 299         1.222052645         1.196956932         1.235560713         1.224166706
 300         1.222062350         1.196827057         1.235435183         1.224302612
 301         1.220739006         1.195746397         1.233925973         1.222981600
 302         1.220800113         1.195808539         1.234049581         1.222827071
 303         1.219448271         1.194755244         1.232612959         1.221353515
 304         1.219480389         1.194660942         1.232664390         1.221145662
 305         1.218269405         1.193421897         1.231363644         1.219828507
 306         1.218485075         1.193202735         1.231533547         1.219623607
 307         1.217296173         1.191903340         1.230251963         1.218192543
 308         1.217670737         1.191645590         1.230653053         1.217972234
 309         1.216540106         1.190310178         1.229517488         1.216487765
 310         1.216886829         1.189939624         1.229944677         1.216232847
 311         1.215710086         1.188746102         1.228763035         1.214708348
 312         1.216043795         1.188553633         1.229275888         1.214328086
 313         1.214685328         1.187631470         1.227977591         1.212867583
 314         1.214855934         1.187534030         1.228353283         1.212348625
 315         1.213540005         1.186554215         1.227075265         1.210814590
 316         1.213596282         1.186529705         1.227356662         1.210159341
 317         1.212280286         1.185479485         1.226045438         1.208555881
 318         1.212313634         1.185370102         1.226487093         1.208145284
 319         1.210927970         1.184288931         1.225162301         1.206704231
 320         1.211010294         1.184183231         1.225651263         1.206393570
 321         1.209742835         1.183083485         1.224455925         1.205012108
 322         1.209835489         1.182917336         1.224774338         1.204609473
 323         1.208608099         1.181768836         1.223491284         1.203260154
 324         1.208712909         1.181540760         1.223788685         1.202861779
 325         1.207409757         1.180313756         1.222376404         1.201370701
 326         1.207612485         1.180170627         1.222683078         1.200803828
 327         1.206375945         1.178983623         1.221221339         1.199224811
 328         1.206518959         1.179012046         1.221637555         1.198636956
 329         1.205273913         1.177965686         1.220232046         1.197139284
 330         1.205503438         1.177952622         1.220539199         1.196518586
 331         1.204357703         1.176954324         1.219068385         1.195007582
 332         1.204604603         1.177102411         1.219227360         1.194601275
 333         1.203634442         1.176065039         1.217804344         1.193101499
 334         1.203723954         1.176028798         1.217947389         1.192721981
 335         1.202616567         1.174985135         1.216533633         1.191271876
 336         1.202440575         1.174870383         1.216485578         1.190906399
 337         1.201206599         1.173692886         1.214998476         1.189458653
 338         1.201131082         1.173620788         1.214837860         1.189118889
 339         1.200014221         1.172629245         1.213319376         1.187672149
 340         1.199817931         1.172406702         1.213105781         1.187192493
 341         1.198575714         1.171274363         1.211600407         1.185784308
 342         1.198374635         1.171106959         1.211441900         1.185359510
 343         1.197174002         1.169875031         1.209981682         1.183817427
 344         1.197007889         1.169740347         1.209899686         1.183549164
 345         1.195858607         1.168679761         1.208496362         1.182243512
 346         1.195691802         1.168621096         1.208367469         1.182055577
 347         1.194598427         1.167528669         1.207029220         1.180750225
 348         1.194566263         1.167603680         1.207004861         1.180665042
 349         1.193526042         1.166529190         1.205710878         1.179548606
 350         1.193624977         1.166483218         1.205789482         1.179484069
 351         1.192610232         1.165620972         1.204502765         1.178350027
 352         1.192762509         1.165741844         1.204560320         1.178235264
 353         1.191748044         1.164849926         1.203241189         1.177102277
 354         1.192019630         1.165133958         1.203390420         1.176920329
 355         1.191026627         1.164332191         1.202181708         1.175780271
 356         1.191332796         1.164714753         1.202496852         1.175605960
 357         1.190337135         1.163887666         1.201305058         1.174458485
 358         1.190660527         1.164106128         1.201537136         1.174217603
 359         1.189653008         1.163141699         1.200413694         1.173194046
 360         1.190078661         1.163384946         1.200831335         1.173129249
 361         1.189148087         1.162491201         1.199766115         1.172066137
 362         1.189472321         1.162652847         1.200254242         1.172034731
 363         1.188460498         1.161794196         1.199087223         1.171057306
 364         1.188703775         1.161954957         1.199521749         1.170956402
 365         1.187635205         1.161214475         1.198421544         1.170043000
 366         1.187869696         1.161506489         1.198905881         1.170021573
 367         1.186894639         1.160719003         1.197854979         1.169102078
 368         1.187260348         1.160929526         1.198318440         1.168843632
 369         1.186257819         1.160153965         1.197299374         1.167937131
 370         1.186688901         1.160354408         1.197871297         1.167728912
 371         1.185647997         1.159565579         1.196819968         1.166892972
 372         1.186028782         1.159748810         1.197337158         1.166725527
 373         1.185112881         1.158928054         1.196440431         1.165855004
 374         1.185472412         1.159015638         1.196975073         1.165788300
 375         1.184444590         1.158131052         1.195965775         1.164986775
 376         1.184714292         1.158243573         1.196366193         1.164862931
 377         1.183721438         1.157370575         1.195318031         1.164008451
 378         1.184078229         1.157477205         1.195615102         1.163894548
 379         1.183115680         1.156668261         1.194432104         1.163075653
 380         1.183393432         1.156720887         1.194581733         1.162981316
 381         1.182388620         1.155837950         1.193438173         1.162011805
 382         1.182679138         1.155954464         1.193546727         1.161816579
 383         1.181707207         1.155177512         1.192471558         1.160878089
 384         1.182130088         1.155317766         1.192757644         1.160729091
 385         1.181116799         1.154602669         1.191734630         1.159910360
 386         1.181475055         1.154800492         1.192028211         1.159751545
 387         1.180381441         1.154101778         1.190995016         1.158887424
 388         1.180617294         1.154112730         1.191148141         1.158645212
 389         1.179467411         1.153370437         1.190058766         1.157804262
 390         1.179642659         1.153385379         1.190145659         1.157607341
 391         1.178525502         1.152546465         1.189035426         1.156684100
 392         1.178557741         1.152420254         1.188976241         1.156482039
 393         1.177248174         1.151460345         1.187661220         1.155629461
 394         1.177086080         1.151340093         1.187344261         1.155350086
 395         1.175816615         1.150389183         1.186043486         1.154433603
 396         1.175664531         1.150354448         1.185864903         1.154193118
 397         1.174308717         1.149436938         1.184607190         1.153428833
 398         1.174101142         1.149384989         1.184345783         1.153305658
 399         1.172848203         1.148454909         1.183070234         1.152510455
 400         1.172667362         1.148436591         1.182646707         1.152400683
 401         1.171388228         1.147584070         1.181395843         1.151660063
 402         1.171101528         1.147662266         1.180913519         1.151676935
 403         1.169833707         1.146820430         1.179620727         1.150923814
 404         1.169739574         1.146911366         1.179246534         1.150974965
 405         1.168557848         1.146129300         1.178055828         1.150416538
 406         1.168514705         1.146200523         1.177646552         1.150601219
 407         1.167334366         1.145366296         1.176528634         1.150023187
 408         1.167300325         1.145423207         1.176265153         1.150290361
 409         1.166177299         1.144648561         1.175234820         1.149724543
 410         1.166081539         1.144723949         1.174899387         1.150006563
 411         1.164932952         1.143975629         1.173809324         1.149490862
 412         1.164908035         1.144203519         1.173505972         1.149887749
 413         1.163824082         1.143482904         1.172436781         1.149413742
 414         1.163600163         1.143725851         1.171973877         1.149722382
 415         1.162461757         1.143103996         1.170829408         1.149194760
 416         1.162150443         1.143465649         1.170360761         1.149606209
 417         1.160960044         1.142928921         1.169172179         1.149114646
 418         1.160605072         1.143311080         1.168625980         1.149621111
 419         1.159464160         1.142742091         1.167500068         1.149179601
 420         1.158944416         1.143080880         1.167020710         1.149766860
 421         1.157796954         1.142431039         1.165940079         1.149361410
 422         1.157312405         1.142694224         1.165443973         1.149928435
 423         1.156126736         1.142039489         1.164307063         1.149431946
 424         1.155740274         1.142420462         1.163853620         1.149933009
 425         1.154710490         1.141744176         1.162855085         1.149351294
 426         1.154421845         1.142005823         1.162419867         1.149694789
 427         1.153350252         1.141281560         1.161345844         1.149056798
 428         1.153113528         1.141515450         1.160995519         1.149300844
 429         1.152127853         1.140817798         1.160011561         1.148603136
 430         1.151813687         1.140958741         1.159599265         1.148813530
 431         1.150796336         1.140160480         1.158620621         1.148097239
 432         1.150452875         1.140070227         1.158227759         1.148205691
 433         1.149415100         1.139211192         1.157204705         1.147448396
 434         1.148941844         1.139119790         1.156765109         1.147560269
 435         1.147986684         1.138402832         1.155761565         1.146859829
 436         1.147554979         1.138403838         1.155364711         1.146921525
 437         1.146663723         1.137738283         1.154440694         1.146281284
 438         1.146333847         1.137848190         1.154099786         1.146396400
 439         1.145413308         1.137130076         1.153249615         1.145773351
 440         1.145149296         1.137264900         1.152954055         1.145951471
 441         1.144314763         1.136605857         1.152116074         1.145216399
 442         1.144025269         1.136710875         1.151843887         1.145194244
 443         1.143192554         1.136142326         1.151070762         1.144444354
 444         1.142992160         1.136205684         1.150942921         1.144377909
 445         1.142120531         1.135575625         1.150164211         1.143526587
 446         1.141838842         1.135571842         1.149929541         1.143358054
 447         1.141034162         1.134863272         1.149209545         1.142498225
 448         1.140860570         1.134849191         1.149076020         1.142379840
 449         1.140195909         1.134233349         1.148474138         1.141686286
 450         1.140066816         1.134196075         1.148413818         1.141644025
 451         1.139368924         1.133491135         1.147784044         1.140998199
 452         1.139224733         1.133443409         1.147695615         1.140920468
 453         1.138557383         1.132731261         1.147105080         1.140232324
 454         1.138497674         1.132755220         1.147115971         1.140255696
 455         1.137829613         1.132050783         1.146580013         1.139684818
 456         1.137738863         1.132105871         1.146628566         1.139757990
 457         1.137028664         1.131455004         1.146062038         1.139220420
 458         1.136970138         1.131586972         1.146050484         1.139345246
 459         1.136362627         1.131026198         1.145483004         1.138781222
 460         1.136378121         1.131168301         1.145499335         1.138863314
 461         1.135805774         1.130663241         1.144904472         1.138341639
 462         1.135874317         1.130779009         1.144902105         1.138483714
 463         1.135352475         1.130220070         1.144354875         1.138020482
 464         1.135537680         1.130306233         1.144438979         1.138209468
 465         1.135038616         1.129750065         1.143860318         1.137710093
 466         1.135137506         1.129771541         1.143869323         1.137847827
 467         1.134609905         1.129245272         1.143230727         1.137396126
 468         1.134667002         1.129310335         1.143227983         1.137648264
 469         1.134154226         1.128807246         1.142654187         1.137279039
 470         1.134238899         1.128894561         1.142641242         1.137548249
 471         1.133779333         1.128426566         1.142077292         1.137186968
 472         1.133857519         1.128571347         1.142066066         1.137422645
 473         1.133316621         1.128131019         1.141500333         1.137048247
 474         1.133444803         1.128238914         1.141492937         1.137334228
 475         1.132916131         1.127749168         1.140946145         1.136948446
 476         1.133033328         1.127921800         1.140892031         1.137333164
 477         1.132560032         1.127429880         1.140353881         1.137013482
 478         1.132668750         1.127606015         1.140365442         1.137395966
 479         1.132198789         1.127237607         1.139884634         1.137050762
 480         1.132278642         1.127512108         1.139991760         1.137458473
 481         1.131758733         1.127153512         1.139522429         1.137127161
 482         1.131948702         1.127503697         1.139664193         1.137502013
 483         1.131539871         1.127160050         1.139210494         1.137172761
 484         1.131837316         1.127412836         1.139365719         1.137523774
 485         1.131445985         1.127039376         1.138913213         1.137201611
 486         1.131755679         1.127283098         1.139062399         1.137522324
 487         1.131366246         1.126903749         1.138582326         1.137134682
 488         1.131623597         1.127154894         1.138719228         1.137385562
 489         1.131231400         1.126725099         1.138193406         1.136969774
 490         1.131538042         1.126820741         1.138269967         1.137128380
 491         1.131088259         1.126344939         1.137698753         1.136595900
 492         1.131310857         1.126516871         1.137692380         1.136706718
 493         1.130884867         1.126110490         1.137063163         1.136206096
 494         1.131093170         1.126247482         1.137055515         1.136309771
 495         1.130656812         1.125895050         1.136437062         1.135847821
 496         1.130843404         1.126115137         1.136444668         1.136014075
 497         1.130399844         1.125774768         1.135868254         1.135511519
 498         1.130587998         1.125964562         1.135925702         1.135657624
 499         1.130140353         1.125621067         1.135363217         1.135185976
 500         1.130362415         1.125870680         1.135512826         1.135496373
 501         1.130022551         1.125520573         1.135056216         1.135037186
 502         1.130218109         1.125700052         1.135242953         1.135211064
 503         1.129779512         1.125409352         1.134775951         1.134739265
 504         1.129938292         1.125674067         1.134941902         1.135000476
 505         1.129561695         1.125389425         1.134534738         1.134477916
 506         1.129683158         1.125713538         1.134723582         1.134641849
 507         1.129164048         1.125446357         1.134228018         1.134156868
 508         1.129233557         1.125759809         1.134343079         1.134271030
 509         1.128749684         1.125512796         1.133856210         1.133737004
 510         1.128739757         1.125834358         1.133923002         1.133780816
 511         1.128230354         1.125487250         1.133424485         1.133199308
 512         1.128241466         1.125761281         1.133495852         1.133211997
 513         1.127719015         1.125463400         1.132952606         1.132640084
 514         1.127694475         1.125701106         1.132999688         1.132670925
 515         1.127078786         1.125418276         1.132457775         1.132119647
 516         1.127046238         1.125721252         1.132486670         1.132231423
 517         1.126377208         1.125488564         1.131885583         1.131783753
 518         1.126289342         1.125817725         1.131899231         1.131897451
 519         1.125708977         1.125506502         1.131375014         1.131380174
 520         1.125731251         1.125787433         1.131483616         1.131373202
 521         1.125141717         1.125472354         1.130931287         1.130782854
 522         1.125134106         1.125829357         1.130991860         1.130772807
 523         1.124489013         1.125539309         1.130447273         1.130170302
 524         1.124474709         1.125926334         1.130508256         1.130173601
 525         1.123855453         1.125618112         1.129992703         1.129543830
 526         1.123881943         1.125956833         1.130146773         1.129514819
 527         1.123334705         1.125587673         1.129684636         1.128932466
 528         1.123374214         1.125831194         1.129830944         1.128897049
 529         1.122846513         1.125456777         1.129367905         1.128297551
 530         1.122914672         1.125794956         1.129523446         1.128404382
 531         1.122470359         1.125439539         1.129100733         1.127893756
 532         1.122599681         1.125704931         1.129342474         1.128031130
 533         1.122098330         1.125297317         1.128880223         1.127512994
 534         1.122152499         1.125516927         1.129076095         1.127590275
 535         1.121693343         1.125149514         1.128663698         1.127120246
 536         1.121733331         1.125368221         1.128877764         1.127201475
 537         1.121295594         1.124955033         1.128503484         1.126679275
 538         1.121408222         1.125122749         1.128810343         1.126712706
 539         1.121065952         1.124633834         1.128498845         1.126096931
 540         1.121255209         1.124731884         1.128889513         1.126136729
 541         1.120879400         1.124295475         1.128540944         1.125566589
 542         1.121069192         1.124330891         1.128863317         1.125581114
 543         1.120628910         1.123880353         1.128494034         1.124987239
 544         1.120757396         1.123995164         1.128796882         1.125027021
 545         1.120338155         1.123613154         1.128426194         1.124512231
 546         1.120563912         1.123773546         1.128815083         1.124659541
 547         1.120193473         1.123417253         1.128484138         1.124195362
 548         1.120361382         1.123472993         1.128844776         1.124244480
 549         1.120035871         1.123075954         1.128599229         1.123709866
 550         1.120206431         1.123123072         1.129036201         1.123816234
 551         1.119829646         1.122724497         1.128805632         1.123365640
 552         1.119985717         1.122757483         1.129248462         1.123458050
 553         1.119596502         1.122369845         1.129047543         1.122975228
 554         1.119710912         1.122385167         1.129478287         1.122997658
 555         1.119290931         1.121979420         1.129232155         1.122525931
 556         1.119322842         1.121993862         1.129573088         1.122600466
 557         1.118893499         1.121640257         1.129285189         1.122141128
 558         1.118938634         1.121686722         1.129629790         1.122204514
 559         1.118512175         1.121276239         1.129359955         1.121696334
 560         1.118598507         1.121253518         1.129741922         1.121714634
 561         1.118220199         1.120867500         1.129455016         1.121201413
 562         1.118440138         1.120887611         1.129854438         1.121261802
 563         1.118058226         1.120539644         1.129554298         1.120787661
 564         1.118196189         1.120563306         1.129914214         1.120810624
 565         1.117770909         1.120138652         1.129592026         1.120295344
 566         1.117958797         1.120104625         1.129972810         1.120364753
 567         1.117540074         1.119684887         1.129645639         1.119848435
 568         1.117685888         1.119739492         1.129983446         1.119928180
 569         1.117248708         1.119325508         1.129584647         1.119389551
 570         1.117314421         1.119346689         1.129875022         1.119544065
 571         1.116823467         1.118977730         1.129425177         1.119049849
 572         1.116827321         1.118909969         1.129573712         1.119158523
 573         1.116357288         1.118447909         1.129133832         1.118622452
 574         1.116354255         1.118362165         1.129303338         1.118749400
 575         1.115849601         1.117869884         1.128862793         1.118203516
 576         1.115744415         1.117741980         1.128969678         1.118220780
 577         1.115188254         1.117262954         1.128504219         1.117650346
 578         1.115047823         1.117073779         1.128629003         1.117577341
 579         1.114584712         1.116589545         1.128243153         1.117040205
 580         1.114527627         1.116455079         1.128405057         1.116974368
 581         1.114100514         1.115996590         1.128022897         1.116463912
 582         1.114028579         1.115907669         1.128174927         1.116438103
 583         1.113607749         1.115449752         1.127783270         1.115899589
 584         1.113560290         1.115343300         1.127920189         1.115852652
 585         1.113131339         1.114915363         1.127541940         1.115350586
 586         1.113106381         1.114817172         1.127657135         1.115309309
 587         1.112692849         1.114289630         1.127279096         1.114809801
 588         1.112731627         1.114126223         1.127436192         1.114751160
 589         1.112351068         1.113697519         1.127099754         1.114333607
 590         1.112418439         1.113666961         1.127340754         1.114382885
 591         1.111985945         1.113289827         1.126989809         1.114059836
 592         1.112046058         1.113260042         1.127188727         1.114149407
 593         1.111596428         1.112867912         1.126804730         1.113784236
 594         1.111582601         1.112796658         1.126993671         1.113828994
 595         1.111167957         1.112400532         1.126653816         1.113488950
 596         1.111189244         1.112411905         1.126875020         1.113593786
 597         1.110765903         1.112054964         1.126528737         1.113253637
 598         1.110797536         1.112048352         1.126734220         1.113373474
 599         1.110421461         1.111693151         1.126369934         1.113085314
 600         1.110415700         1.111690446         1.126527635         1.113151648
 601         1.110027515         1.111316688         1.126165609         1.112779573
 602         1.110056754         1.111258863         1.126288238         1.112815883
 603         1.109683372         1.110840804         1.125904405         1.112394982
 604         1.109706865         1.110692859         1.126009711         1.112408057
 605         1.109344779         1.110271423         1.125665940         1.112041681
 606         1.109446803         1.110093074         1.125808560         1.112029255
 607         1.109097397         1.109675326         1.125450593         1.111658912
 608         1.109166136         1.109527990         1.125562582         1.111640054
 609         1.108805375         1.109166080         1.125197248         1.111271048
 610         1.108867325         1.109056469         1.125285971         1.111245223
 611         1.108466876         1.108711698         1.124904056         1.110866166
 612         1.108456480         1.108617716         1.124950861         1.110860848
 613         1.108045052         1.108244413         1.124518423         1.110477368
 614         1.107975228         1.108224926         1.124529424         1.110449367
 615         1.107559424         1.107839898         1.124110058         1.110044364
 616         1.107558109         1.107767463         1.124155151         1.109966236
 617         1.107143395         1.107350495         1.123734132         1.109573866
 618         1.107067035         1.107272599         1.123779143         1.109543459
 619         1.106635836         1.106890867         1.123373833         1.109228628
 620         1.106544312         1.106886731         1.123398151         1.109242561
 621         1.106109671         1.106543074         1.122970531         1.108971754
 622         1.106086943         1.106523923         1.123013711         1.108999867
 623         1.105699500         1.106164937         1.122617266         1.108708122
 624         1.105693913         1.106163983         1.122669751         1.108734472
 625         1.105331482         1.105868651         1.122271156         1.108414863
 626         1.105326784         1.105895345         1.122300927         1.108452608
 627         1.104927881         1.105553781         1.121868913         1.108071103
 628         1.104868334         1.105599471         1.121866560         1.108047446
 629         1.104444713         1.105260520         1.121410019         1.107676382
 630         1.104414913         1.105346437         1.121417372         1.107696212
 631         1.104003001         1.105043848         1.120976328         1.107408184
 632         1.103993944         1.105086620         1.121005983         1.107474278
 633         1.103578767         1.104777294         1.120548662         1.107203612
 634         1.103602898         1.104803794         1.120556109         1.107270961
 635         1.103162306         1.104507827         1.120080728         1.106976535
 636         1.103135029         1.104463590         1.120092413         1.107028784
 637         1.102711407         1.104165574         1.119647998         1.106757917
 638         1.102751887         1.104149248         1.119670823         1.106797591
 639         1.102357752         1.103781984         1.119252690         1.106490566
 640         1.102370472         1.103782624         1.119235392         1.106530923
 641         1.101950551         1.103511147         1.118793857         1.106330854
 642         1.101948633         1.103514580         1.118766992         1.106389507
 643         1.101553110         1.103239935         1.118351185         1.106196262
 644         1.101552391         1.103259653         1.118316974         1.106334391
 645         1.101162916         1.103011794         1.117927577         1.106210333
 646         1.101149280         1.102991701         1.117934079         1.106339833
 647         1.100755814         1.102733903         1.117567996         1.106171649
 648         1.100826776         1.102767532         1.117599424         1.106263710
 649         1.100507416         1.102531636         1.117290022         1.106097110
 650         1.100617441         1.102561523         1.117316320         1.106206121
 651         1.100332864         1.102281646         1.117029195         1.106001398
 652         1.100428431         1.102249657         1.117015493         1.105990358
 653         1.100086407         1.101983458         1.116629652         1.105812971
 654         1.100179296         1.101970766         1.116563455         1.105841796
 655         1.099900545         1.101679675         1.116187904         1.105658721
 656         1.100060805         1.101630194         1.116206957         1.105645613
 657         1.099780082         1.101297320         1.115863090         1.105404817
 658         1.099905094         1.101208369         1.115872142         1.105317053
 659         1.099613512         1.100866108         1.115505291         1.105077151
 660         1.099764146         1.100772372         1.115473672         1.104983695
 661         1.099455773         1.100383354         1.115103655         1.104677331
 662         1.099517331         1.100265080         1.115029892         1.104559921
 663         1.099182187         1.099812306         1.114613429         1.104192404
 664         1.099253949         1.099674977         1.114527056         1.104072720
 665         1.098910447         1.099280936         1.114098187         1.103746724
 666         1.098951198         1.099170321         1.114015428         1.103662204
 667         1.098641817         1.098781600         1.113625277         1.103321642
 668         1.098742971         1.098683770         1.113566416         1.103226334
 669         1.098438494         1.098335082         1.113158796         1.102847060
 670         1.098521966         1.098238724         1.113093772         1.102695799
 671         1.098178259         1.097919145         1.112672966         1.102340958
 672         1.098220064         1.097903939         1.112558712         1.102213238
 673         1.097893099         1.097602473         1.112148446         1.101853087
 674         1.097894798         1.097610163         1.112046388         1.101746277
 675         1.097585494         1.097290014         1.111629346         1.101405900
 676         1.097532304         1.097292669         1.111500259         1.101288776
 677         1.097175383         1.097019900         1.111071634         1.100942109
 678         1.097132012         1.097030164         1.110919648         1.100791054
 679         1.096798465         1.096771729         1.110503033         1.100454437
 680         1.096732793         1.096813805         1.110310363         1.100395688
 681         1.096381571         1.096586696         1.109905235         1.100159140
 682         1.096306981         1.096676865         1.109723209         1.100156418
 683         1.095933318         1.096473225         1.109303115         1.099900167
 684         1.095786387         1.096524041         1.109111182         1.099854395
 685         1.095369616         1.096324596         1.108673672         1.099593615
 686         1.095199943         1.096351280         1.108483459         1.099531651
 687         1.094776450         1.096112575         1.108024299         1.099238340
 688         1.094613054         1.096136215         1.107828454         1.099260460
 689         1.094207280         1.095937502         1.107378565         1.099012841
 690         1.094132521         1.095999629         1.107225084         1.099007747
 691         1.093778928         1.095820951         1.106816961         1.098746970
 692         1.093742168         1.095874634         1.106654833         1.098708317
 693         1.093419125         1.095701964         1.106254721         1.098436454
 694         1.093402071         1.095751996         1.106133469         1.098454521
 695         1.093052655         1.095544146         1.105763367         1.098160877
 696         1.093009838         1.095558799         1.105685187         1.098145109
 697         1.092649509         1.095387885         1.105335742         1.097863552
 698         1.092576099         1.095451945         1.105258989         1.097872828
 699         1.092236027         1.095307943         1.104952121         1.097637054
 700         1.092183498         1.095358144         1.104911118         1.097588384
 701         1.091840282         1.095162706         1.104596637         1.097327804
 702         1.091762599         1.095226912         1.104528293         1.097292948
 703         1.091450501         1.095046646         1.104237825         1.097028415
 704         1.091386867         1.095150922         1.104184912         1.096954581
 705         1.091105199         1.094992316         1.103916605         1.096690634
 706         1.091085147         1.095092658         1.103872410         1.096625952
 707         1.090820628         1.094914756         1.103595152         1.096385793
 708         1.090773926         1.094981399         1.103552948         1.096273117
 709         1.090464152         1.094820769         1.103227955         1.096022984
 710         1.090415509         1.094907251         1.103170964         1.095907959
 711         1.090129336         1.094715489         1.102863255         1.095637678
 712         1.090116681         1.094789031         1.102832670         1.095479083
 713         1.089854409         1.094617697         1.102538235         1.095205190
 714         1.089838022         1.094661362         1.102481192         1.095019492
 715         1.089615299         1.094470305         1.102215316         1.094760840
 716         1.089622768         1.094500460         1.102215073         1.094611701
 717         1.089376489         1.094249713         1.101963546         1.094369263
 718         1.089362887         1.094268070         1.101931166         1.094267816
 719         1.089055332         1.094042747         1.101609373         1.094059748
 720         1.089047326         1.094093690         1.101543977         1.093949109
 721         1.088777591         1.093832793         1.101236533         1.093741944
 722         1.088798644         1.093878377         1.101217385         1.093670191
 723         1.088545172         1.093582388         1.100942473         1.093471220
 724         1.088615711         1.093598618         1.100924662         1.093354655
 725         1.088397186         1.093303519         1.100663384         1.093108648
 726         1.088479040         1.093300075         1.100658255         1.092977509
 727         1.088274725         1.092986863         1.100403677         1.092716581
 728         1.088345799         1.092925544         1.100397007         1.092569425
 729         1.088112650         1.092592284         1.100149855         1.092293377
 730         1.088160468         1.092490167         1.100121764         1.092112909
 731         1.087932491         1.092144123         1.099841099         1.091847526
 732         1.087965485         1.092032755         1.099772543         1.091680289
 733         1.087750728         1.091742082         1.099498270         1.091424015
 734         1.087707048         1.091677597         1.099372517         1.091258056
 735         1.087459284         1.091361089         1.099088469         1.090974471
 736         1.087426487         1.091323146         1.098996940         1.090835090
 737         1.087202482         1.091017242         1.098748199         1.090595572
 738         1.087238580         1.090969222         1.098715863         1.090477240
 739         1.087046325         1.090636828         1.098499248         1.090226909
 740         1.087100634         1.090564191         1.098461022         1.090110512
 741         1.086935985         1.090244681         1.098222708         1.089858260
 742         1.087011239         1.090114123         1.098169846         1.089776056
 743         1.086845861         1.089731802         1.097907032         1.089537278
 744         1.086917676         1.089523606         1.097836095         1.089440583
 745         1.086751902         1.089162816         1.097565678         1.089226875
 746         1.086800486         1.088979443         1.097465151         1.089126659
 747         1.086588863         1.088595526         1.097165388         1.088884111
 748         1.086615957         1.088444893         1.097059733         1.088786718
 749         1.086413034         1.088100061         1.096761903         1.088533036
 750         1.086449203         1.087985057         1.096720718         1.088440007
 751         1.086240141         1.087669336         1.096492894         1.088162539
 752         1.086253418         1.087550128         1.096465415         1.088042697
 753         1.086029983         1.087238474         1.096225556         1.087739515
 754         1.086068685         1.087103059         1.096220221         1.087550159
 755         1.085855186         1.086785182         1.096023771         1.087223728
 756         1.085897552         1.086675980         1.096017367         1.087034830
 757         1.085728312         1.086373775         1.095826600         1.086714807
 758         1.085787633         1.086241051         1.095860401         1.086565958
 759         1.085648445         1.085933234         1.095695439         1.086252271
 760         1.085786768         1.085863793         1.095760505         1.086104761
 761         1.085661480         1.085594718         1.095590341         1.085791241
 762         1.085776770         1.085528014         1.095656949         1.085675730
 763         1.085656432         1.085263984         1.095488653         1.085388998
 764         1.085752222         1.085229209         1.095545226         1.085340441
 765         1.085607775         1.084932647         1.095375855         1.085073115
 766         1.085710633         1.084803627         1.095443733         1.085015282
 767         1.085532612         1.084539911         1.095242784         1.084790427
 768         1.085638389         1.084480282         1.095327113         1.084751537
 769         1.085462259         1.084274623         1.095154685         1.084521031
 770         1.085558451         1.084214587         1.095254119         1.084463080
 771         1.085375202         1.083989824         1.095086992         1.084246519
 772         1.085470152         1.083935556         1.095183624         1.084235937
 773         1.085286447         1.083719510         1.095006516         1.084016828
 774         1.085393812         1.083694149         1.095120216         1.084020378
 775         1.085234376         1.083477805         1.094957193         1.083805566
 776         1.085334563         1.083425848         1.095048562         1.083833264
 777         1.085173618         1.083200941         1.094859491         1.083631671
 778         1.085223480         1.083133951         1.094931780         1.083631470
 779         1.085054077         1.082897250         1.094754469         1.083436039
 780         1.085096360         1.082845442         1.094805027         1.083462761
 781         1.084910258         1.082619835         1.094613199         1.083260519
 782         1.084935312         1.082566742         1.094674966         1.083265087
 783         1.084737367         1.082315400         1.094461605         1.083034405
 784         1.084754160         1.082253834         1.094489781         1.083016888
 785         1.084561836         1.082013500         1.094289023         1.082830718
 786         1.084599908         1.082027653         1.094354270         1.082856046
 787         1.084414543         1.081789816         1.094173528         1.082697305
 788         1.084413909         1.081788488         1.094254859         1.082775842
 789         1.084185927         1.081555582         1.094055830         1.082644410
 790         1.084213530         1.081560422         1.094134068         1.082721429
 791         1.083996606         1.081315322         1.093915887         1.082576674
 792         1.083996936         1.081337939         1.093958859         1.082682836
 793         1.083788943         1.081114542         1.093753564         1.082532379
 794         1.083786487         1.081103911         1.093775438         1.082618485
 795         1.083600009         1.080866605         1.093579465         1.082443909
 796         1.083577737         1.080867281         1.093565011         1.082529793
 797         1.083387460         1.080661071         1.093375860         1.082363477
 798         1.083390899         1.080664995         1.093390085         1.082433138
 799         1.083228442         1.080455298         1.093210101         1.082225182
 800         1.083236846         1.080444903         1.093230634         1.082268915
